1 -872174516587031251705632811744867582
2 63
3 Divide By Zero.
4 1681953960280628601441532584240022989143792519376480132664118669877437309548235414593731682466016100594987837989557556358852052401941174234786971768828453970995690521758934
5 525258677229419698255491
6 215032050003627233046355439599
7 0
8 35833462751872637922222042506743232574667632
9 0
10 1891682945174236423441419441262154352581871443075851257663133338
11 0
12 0
13 700243362823434368473980088051433887793118114811719754108690913287746079070865405761513
14 -1231688277126049460362458812083153123862374632
15 616860430172595354051516460962644876779723039054738105096240960687959960995686244622852218240
16 1423052119503641705909827470312605257012
17 Divide By Zero.
18 0
19 -287873076421916033622143260549608274076/64984692458491117403765028051628822338170
20 -653407553188801750590935427267220117591817866196246577218608640
21 2611574856498432538327
22 -4875648687809569000543848143136709428004235065287559545297827546048456
23 11266330157563554606591686769393952495756047631906773013548763010
24 77663090801510395896257638593025157794178578842384130417721313151505122496064845259419993098645
25 164529124993765878977165013260574490611904219709333135695
26 66519789522484407156196522350114590294729574168551617067338486678705766514875074912651274716328279948
27 8856112216928060335728308236253197778640178239976540596245441152943328236691866314017961225866876154584565082112561246406664706100586488380513060665903424067
28 0
29 -846773449183879711435291556790231987844435802949835043519881945159309413977223157696464605086706
30 73293435423941555209909350295265314779
31 271440577442131113291935307061478928724234397138049822530170210862
32 69410404242057889547234640430792538648434227389190319987080656192
33 Divide By Zero.
34 6977435833361047427157227036098964
35 459218518717325619288975557962010599493352936
36 34620976882814924259242447050012371257978655416724558222160168475834307944851705
37 Divide By Zero.
38 55654681585332876964632105870037346201159912
39 0
40 -247930737150603494374
41 3810927755432712828305780860476996701564347009303150204347355536695979549632472992867337517264083020700
42 7953235660222476263101263776107766536982141868548569018415644704519600633304601544933410054762593051671577760
43 0
44 -0
45 39839693927069095886051931504877648273884204001852074061288442
46 25
47 Divide By Zero.
48 0
49 175626474370549991576611732542125852554452881719181642960103907143381219261309790843253965463991749
50 2896258866167125249270049081001735695
51 6367525666786455800442286509993871519985231072572541578257107133171690378
52 -270976956993581896184534641521754838523132000811087456
53 -580546764018849464092912439654959465110238128953959362649478
54 637720073983611983052039807149916366225052563512742471466802901754585877
55 -56293256357285489286888599429987831306634083766052073687948085724
56 6136425545685967208699248043501970673048553791094654346950612521368070357027328
57 2058262969839570120765632855880194567718363383596119439192607093873086830685398605638960599175488418
58 2991906442439160291888167605664061996954853703987460381497647075077383957695310293254791064288
59 646662885276118980284598546555212026940532678273219385667594927348201
60 4099416657212190438843509250757408148155951
61 181191092521649121020139344396670139651378183265883294903676489524616339969162020242427146850332910906152458968445779729464320
62 4690
63 77237315918
64 -4212670834192211351108124450553089072805989115379074463258
65 49234344218592951208270695924996342136883218200993636095293885832542182981378212013311209351668555731671779864
66 0
67 -935634731352847576746259202315382543131947837981766
68 8201282976887854591006187171077936034496598038643143120748493971573285979375
69 -23223989397552958970410382732356072020213688795229315775463928432865084114
70 427003227043330022810497545578516006971508095168652816552336667835499953493408876617553798481195862105680067830858
71 16726002758869743806824907152414257453084240156120
72 607527953316958387114357017865169911295304632895008185704743425402494638898026754493
73 0
74 3545344734321407897031361083309561928248593071886066
75 0
76 73663422669470398882712337501417868935364669260139188309451964977333340823110253606635469148356767408813413078937686120
77 827512481854185336213009273221716720437180942999837056930868844128413175085419
78 9502396988136009
79 1754854277295299512528837634022298835351792571653338137993547842585700477033509998523229233077043615
80 51644736997691756428244193110599860672886151235831569618987804373537072542064146390718360
81 204168363765005503308670168701053916
82 908073025070279006415129706363676
83 0
84 78836367392428663345971234524169916129555711741091596558067682662685200670784681476
85 -36087048181387895196695528162788050997336538392665914987442727209816227483984679189
86 12272312351970289
87 0
88 297282826079418610789518416475793044950749
89 0
90 276459605585433637627967508507366251703726233422
91 3968812470914512824101261578683
92 9752270355265270955777365561353061738434648525163044724616663316556889147045554752980265259001843888
93 18775519164757
94 137313496021993303317251817438570011926798083452927475387670856380023858953962557
95 3347565267248828077166674075133962907063730059112220518812755012087209
96 5183063697328886832
97 -6886261348725157174804641564565049217777635
98 180732845002944694125616972359050024669214316203226487545430614283593514515249535036011380098939878096055480783
99 7556089037735346425151548130565097579348386079655736033993011838820836085159636944997
100 16802318384412388510
101 0
102 152334784268717322015567138273634756972649935826284083608670339083906119579582997
103 -8722621594789952227184109857845591005875
104 267928054595848835566030892403374615899369715164721033948424932514875441284389
105 251322347067229971
106 -9336184823677532651644230069480265334
107 853239911754
108 7531259886063373
109 4441507297838996
110 0
111 6417577046103878700078348364543119994819294607793879373947339306931599759926236678436760653302647597
112 484
113 409363125778860794994929873283708447346312240
114 523271331213131153107758021708996970
115 88495181024156368930196051816435
116 -8761944
117 -39987468668602569121799284291346388896125867770601105309796231186097345
118 0
119 641777926432831611113569300381132083886592303116365017826149858372217611641471034451845
120 0
121 -655128444388591379975608715099632048983044706257403309886535560
122 0
123 820932514
124 91452341956547908010467866905199323299216514242441600
125 1626106655362949192265276036413615
126 68802757458448830163690331251007224911230375
127 6342403442826861370051093716981431390878621402288071245644029184703782045818649295748602702659973431020
128 565811434255993191171892078371679194644880
129 3809128603372619900715461753901864475013540867520422461
130 89786455906983919744527322625911143023097180357228188331768886737325685938
131 0
132 489424461045209600486126639041254152342/28707589
133 0
134 493218812521904877044619549029911857320433861020349404616254025440144484321512459238892673987889058648763569842
135 64
136 0
137 200612362375823888982964453
138 929939871914230593700216221315863264324104173928423460137955520094045
139 846666920877599698259339232971967871074991800057960449071238682715288180752396129085939447787734604848493867265937947111637204296616
140 8439244449939311285246911383040238740973129448357607438718780337686634584624131640433872605926897454881016860869
141 25088436892638687925964840326
142 0
143 -625389530772345185640044287
144 16
145 29486017196635048624729210703766238255244443170560679960252585410571011562703720054393611
146 -647836078418454904876775345034833818138855988773421733786670478922651676099
147 0
148 96324263042300843877611159676669724509093095621480076662
149 0
150 -7279419316208889638638753457/960250305515484343655252970278976919662785771358
151 97026341
152 106156052737378307006311980869467484289933410203577376
153 497054252156041722299288389776433448860927402239537482929123158175218165476479532364028767305708291
154 Divide By Zero.
155 94628281971
156 1278521604428733848486305655237862418126212052471022828378245945303165369766414489300881771215816273280637889969931288949777687078414834143489813332882171926882
157 -80828277320267543854130644982607713976531319307224170946832214767159663686968937235869670274820
158 93092551196277682728598402179373427348636815030186729539646165227588280148555443877381850029
159 87706310801486967770014950212076716867614478813439667253781005884133623504075551058
160 3050257590547339746883137596139454534019307727895543812778176131498911302816432076604425721971
161 3884710011506417
162 4260
163 7548642059161723645026976650540881232213592286294296899363503959272806997704001592488700835431149960536652
164 0
165 3362743890852890525910323111418563305555399346
166 8457738078486663331813151936784093690826519100470060103670405
167 0
168 54918432389196089083793837940774501976383323869658051989133904255420262993022798489105902088
169 -3072004457591927057367084788030249365/2287901237855164101
170 38564126978684744192377585567132368692294721243227148479435
171 1706038106153338957367373781615155780628839741176926545849098430
172 61391245077892490807423329218669808116667862633635918364837193691774338820
173 -45646999447571831016426715138852942646251070498168501701633651965335667053448407310569131069735712
174 1249864227615159999049731094289648277
175 9508665822043125047313220849700688338929116576618224360606339798858
176 365092263083089266961586276
177 267392527392002208724179153407546035165375328830752100536909370775382311943204178
178 51347653550609627919389044532277747253136314651823418
179 40889781033912320040086749236599362235438951840952566067041326344693601249386172253807402467712698338997495580618397571487176009342079546800632254493354984510
180 34139384490297719814613111647145281847246050
181 48686159874611866426928422299974861570174917496136175774703981564063276664951881928181439
182 3695341606090849654168361716034870732110428804951265278956705048229239113596454402196
183 0
184 2889968631252879522264569
185 2179251368023914666038978612120312125321905622229276936694
186 0
187 8119543713162852736882576
188 51047685482138165096385094992922299222760178126960599329100357946776886676659448
189 4533182853466305202845270402547554556477894210843246605747174246
190 328666382641385476510633649653215636471863677315214762
191 166036807263086366145307917957
192 7554231244978222035386999518624722964292853647480974339862527735739020514349020935401150851
193 0
194 69531281475310429171940102754292932623663488539128321692887135070214123888060288899153667192550
195 -93536416019135549915293367547689047766947313429271204096357339744415585572680135720026807834
196 247778714665278
197 57118510449331614600717193529824681305526606659427622
198 35331668175566991740392134925466085
199 1390381597526361027744470714472027796483565
200 4163298396273664371881653021816167162987292988058380508
201 0
202 2396813732978565720892851595105905921461879685572688178340836149569156144681320915448286972
203 7745169787444731748661627643703662598838641737916143307812399057463321154644137852057833408805025573030546030716251762758519152267864
204 2590389
205 59016385379100746033580422192957478166124623437232749494371175124134226493878200608133533227368164217456291639251
206 110674400826076301046952149467037170130948
207 73638720557913076119656580870354669639001313008093136239115674047047958783861143591873093
208 695751641784946504930839660351116415545591889301348113444535274458883298250820419766950222
209 1349962879
210 413598037442650995123365504584663573638462439789789793811814
211 688375344155083634315631902634968012839350171830290904820086869105874691410804901797458747826516283376249857
212 Divide By Zero.
213 6088009052953576431597856339188683056832173373457438
214 346984251989340480765168211024805
215 Divide By Zero.
216 8668080683812908510481822727854168254956023579164750983929488017703348296
217 56995699037144584888557500316413231766821736868631130
218 -9566521120469012940410725563938581128187888902147691829116778406703166388906204646532809
219 12944587940825192882482654600229301561620064126400102592
220 5752333160339394870394181394789698130794176181503297
221 3306086442154274221315344212076208873883342976
222 -430193182705465138109985628728428205781885201911676003024564208663655334642624111536325
223 471815428031268010147873892452606543
224 -3353212600994015504229749300315559175360029479529796385916047508818677523148540250031
225 0
226 1228613931503857529884167475192459230095694657465010568416903916969733865043816095907344273446780604751939894587880
227 -82763704188583218487410590264639033716729362296041894939515929011471408978209462304967164107
228 128467768457525681207119830957162554193402613323210018728435737010196381353
229 -630335438367124300643595396437381646552357969296
230 99820630209539
231 43786575006400036851445573296675354017286064127509825837294
232 113862570868
233 3577690988148371513478947668903875992968579252381991334374314800823099189408298744061705669372090934893311095200
234 6933580095624066327659589083193903360187122181674857235941505396311949733777478501552892224754409385438380556718729745960890622010604
235 33518608
236 107795166185348362264526202714265
237 64389769196317605776055724932269950523633984
238 2387283160399790858284750928846944283854562462
239 977416290740381817369191714544582542799618648577330151981429936174935254070505
240 766445238835543935890633135745317277708027497245800047009678168390310757749024820029718647721359352841919429891
241 601600219545791173030496560546942575547466195471956640083387415411199876455717737963164650950359
242 720664758084374777337
243 -37804003846991298927082445945573301789494116438885331107734065
244 0
245 727332440803338385962556050555919167775189
246 460758888094401781248429969734503060516641763019094379631
247 696371239773183150537454460723762054820462416606904882727285035962718
248 16342677912376142280093
249 0
250 10311528824056998928533996082778972265899000687
251 75989297432720676222736
252 22919630722526912297217883699249077005095272654488701413192885324742961479797617331343961784275
253 5250413326696471746817570569111622193699488811894718521141802279038850478786499790381314914637
254 737395473131334968292345
255 0
256 829779914104132001408619645370688201674562485371/9926
257 -8600417314328401215606872612995521875646132805398040157126210339892227419745
258 7121592458480749982419396145003388602160
259 74697798231818127964506742892378754662211189364048435162663691998412938776888075908264914737926153961865656756378318435996
260 Divide By Zero.
261 290873283281558134457632561613671495644114267760762405755847152
262 15352572189376207809781123273697440383946072795257104370179777021575902007010741460708013161007310
263 -995634116045500920474368232598996168900012938831477406103298672361216562240813602092180
264 0
265 0
266 2785051230285271545940
267 0
268 8073250281084623042995282819110548184530048039860691975030798586388307459589119875151116426808108068893258040
269 0
270 98256392513452903667604683842486085806753744274326650
271 10458184735683979245243508
272 76632979047628256254842491753138014
273 53680868750186692830303147559734858072703399727705778660472359269429872910595
274 446807514493399981965542523515832959511271044621770454432798818466827613867760156394335
275 3648550378430363713711737
276 0
277 3008169572175789857485503563475653177082740639192095467518785000082770768565324430
278 48299629305913161254895139388979861053341111564340280882771650545667695033975296067
279 6935562717642806933649390068296660202737508286704551279647551611489912443740543361010179001225224
280 11968815393208773413850891055149272828573
281 Divide By Zero.
282 0
283 99364731141600455190435970626910763060034265796141443016955256996747995950120275089160415516
284 9772436218767410062252392562839329447182769006889
285 43960587599635326174679630276690282081610
286 0
287 0
288 0
289 22683911161787980909862740797600953290117369938051280687138978322335716738389688376409547
290 1784938343962238039449286122
291 8691028557482714708340478779194903898657206116083491296847695699220712670164776718
292 596163869586701233284098465627689168091031859
293 342464626333200923214828818694959586878066147693615069811452606945975130289978730958828102226
294 -702203965670169957971012656103633349831818435965180925567372629
295 -2424988090566429351880338310731706218780796/98735975273056234392609004389035607
296 -436249735829326552052229640445666776718085437044
297 521329838907
298 0
299 305102887165314653541305223024778632545313197981758399307380492173601324784433955
300 1179237650703554640604579753646331503439594023762441190441738657985648897150715667963259364607167966936441394448574920
301 2753252380493908902133509121234353815009993714412264015725346339398568931555
302 86384487247801773687649858750313424559244830727270882623040711947346599210906420973373
303 558057950565440743755652811105529497965280210637584546180918728288479878350913085968839943442626136007930764639213919447
304 5739751639964540311216179948115150583348847
305 897575799884429405545651620024054023226355734890169743598
306 95965586675567850750753365914450341221826275874543773469094929553770821424944848720695986780340
307 221508710898927036444555995267044021730
308 -4197245229866944612440467913864068716608364521537039015158241840117004875923577676497
309 242565580804375220237520596019302294396184022469
310 5524161580535469705521116163708197
311 3
312 475624157401434294945057396467009546909628623279534207446503023527550473732499386126744981512262440
313 63722596849823467206936754058506902798990
314 315338521767104879971839585381750744314001926473449041574686474346849011840
315 3616523459418730699339380183807992494203754314640577079067856270350454531604280547664583338748358
316 0
317 4526981836639583145674823940231435982819600168832898196696541682944194964578644
318 22129212042749694727071800486072640768159262176856477484590227457826475464592831042
319 1625206132388440936139872235534727314408699993308762285270782974702827842476697401766247557755677490
320 -496842096108383154133734318256192663997359735
321 124765227008394032017288266531368533574868096702700509326029978362193
322 333779539311666996559047885051866774466946073602719425590801175620071843538745505693397968
323 945
324 698224500496144414905
325 0
326 240756307360394431087634705085734973766066790688065641234949618701782121314236999722226178142501734800
327 Divide By Zero.
328 9456402400717551564443542050457132949357292535210353292449531329716
329 0
330 -82140742591131975457474983456744314599679615
331 2620201479901517397499187633909201205260827121197260191009466222282693882038793855072
332 148464255571
333 5754610944388513408354
334 6941165968121381371479757974631057221550150092470313915842050634757917489276290727489285885848611866321627158579466106580721849595424359706
335 2128544456528224288955835671212228261285459131354856029532639690305680141763258029960637852
336 9732479796531415944892077761357
337 37639064788153063474894744213967055048675772
338 -950168201965633076009677506751431121748927660095947043455731051020466911984501717872802051693710
339 775636051528219596921312855676745528031841357861902783735334419436303980522710508038673421
340 Divide By Zero.
341 79107621954544484032402445904726719853292957953086729148170966
342 Divide By Zero.
343 3688609324353153433876190549321302048623708312829520230355278631085756732224677713111222
344 -304647538723458878968
345 100
346 70290520065835705861722268108245784865555100940174346965197380679844048650400
347 64536107582039615791579229054393869002545515912962414556956760020211
348 25121966319004737885300
349 92682299868912669590840720920749781684831466474509255776992054582110284
350 14356131064033346837382279008349386101474818232979328821361
351 30205497337284591943324899279546791
352 1176842672024292409056035783721708758
353 849113086874387704098785542551855424897587131956892057524602068024719110388422687911633261764
354 683485440232272045794127784544273009959699404483421450168729710414870638945500500
355 0
356 12031696689325286149842918464661381098553212448182497289955370260092917822734654840
357 -4818424917103841410409
358 44544667199
359 Divide By Zero.
360 Divide By Zero.
361 3408962698856959117794994262858050956299137839166398242327507696962560567641
362 597821890170825503916545022071159098021977386540085555594994
363 -599832143827086978537055998194408720867755177345910557492641357453523
364 9170362186619149435147644771776871356181603057300358683848308232562944954455
365 83831845986344916145518712650832273691038759591034783934901644776453763373465684467477
366 -25984008715170164998519131265559194848125872795024856718344980111
367 5465799837497371847229257832095866
368 0
369 3
370 29814081815189541662029238029206241594664168932656576878571657583984455622370152521614009
371 -9384350333970326251410524134/57535317979402877
372 758922844937897524965697294663373
373 -40254751763
374 6426007733968715448182147893537925406301067048438950464197583396460297959131128799411
375 5638140608491924578381805988859670793296160286926867635632
376 674246405397149418708769517285429209547929811808595180728608
377 -322370220513835108921763
378 68460060544565702068815913054006724482833347140603948608306647815339842442
379 86099319152784256292248132031049367631668627219553394
380 244047973262672930947466013023983503993681510850162760958246091578136761
381 704935269146949000922761737067155027757881093507848385672831254770754849555595399569485112637316976363957102560422304870393154715966916862416757538182563820
382 0
383 457927021562121369171883906146549955508031225280674423941211065986259377870962245518
384 3449325596731090969702243777998582406143335098795995283022889958631794381594238329476133907
385 9884762448422110342195254760133544819685592248533067724035066880870824689976386657491820456288224079938973489974529706279499610009399585504735440263864409600
386 5094866901680942546470644457245514919732540072500815660724312415431824488452362450114137147892315984679845642733838605582388700372351999888580240
387 9377148815250298695154526319540725182258671705017599440803551
388 -7821625677675923104808935056164460334397480268597863889446649130
389 6423399250726563355099941337300928261607450893038763523268407779304178226412375538573932
390 -6968423383406023618343149971022933368849093928019734466966665541680386977
391 0
392 808565065172357566091239
393 -714112171277548786859752058130
394 0
395 1184642249990582268231849340420890209267681438414553834
396 6977398766734505060418579907921875986315550033031682096418315365869007890404074
397 6565773183435689211181819567366988156834762625937659367725726838191400126195245183288330830915108
398 -757401790431798357585636961675609600
399 39170077144703147422650880795110677791941576558189382566387122
400 8859751108297
401 -4130
402 0
403 988237702110955331559952046480074283209683430180779718136446068967005512955786685514835814372608
404 68596228568645320393838262006708292591272565835169720925419364236180390431
405 14526525033131404032046460617598552886760476654841
406 -872339048938934516547932244158651461256186
407 434457371165356
408 324167835701641721359039527622941192642807219673211502878381495510331595507
409 56863180117232725610237474628951577351619912662405126452302308842918152
410 16533371313176477528742177678148882863232162647876670424
411 0
412 2429601218550062417705256768578469425805334
413 35173913480743359719953973014390823764712731002584178817838129322910377328070176532224
414 58326803484648080298763701325494844206348052753181940714407990965181377207740
415 111099840342284517978532902285777139280932134798344286
416 -188237809485743954171549963502649147544513014435463452026275457866233600367741275435852545148010649
417 93964318132165572885579021612337082039295971052910465149874356249857022536317645
418 5435232995575817290733222558562239676347719330937556697316092428037485630192921470842242512039955020
419 0
420 92926639120509462814665613526946730589577708921801780030406869275762385272420308376596
421 246215680037841485528734116699174951380768125293594
422 6481842291686959472970432098438097772471165804374420346915723
423 0
424 50249839525532972350667745283710745384183292824264292736662690553185565354516885
425 -3332083375672972221067449186410533518226324163058059348
426 -87127578681035509821728078233540761863671660695865440257034134607162064546775458976617494758295884
427 20846939026893254001
428 284572494452563526785475096360145393936540723596193
429 1857894639146755685170214138158039379618140194384594428001673444450647565461792
430 3003446516874079446
431 245184636178538289297564933/42674184465628189444800463604590832681698054
432 6931404597118113040112879332623
433 4074621977107547390873182792710651014657647340552716551571262479175739539081
434 -780735435472980783490344523
435 0
436 0
437 167628010762047203713184027913020902081910862568959801212576079200386197100857564546999595
438 697049958076280517761557430326411960175708904716
439 8590725985718817821
440 -2534466654401445529568354384185738335307243842202264719201296152668029156634
441 691364608190002166459396267758998988526145245399492170317057464608556580122063820121030809900702258274619458701175231988165952942354410255515463446811188704512
442 2424697366646361059425703590639819097233180001634808615184990741858943533828165
443 Divide By Zero.
444 342
445 24232192091024270112848041484283621383575585184837087300001820
446 -684485290547086163305018164
447 966317351420223958910378422325433928283563107118516854491544240869179204099299490311430631670426012
448 0
449 Divide By Zero.
450 0
451 786015746749128721574559843302196858528272524059442522961107845820981656
452 7862261507125183332392510864247336086841158216063661750238818876815043375
453 68319150311888325582652150085579790251938357157576036918483883782880
454 0
455 0
456 4581312110235234509696394878281752119135896782517659435425075898742872
457 6977354834268637964732883603751613619617894787600417841879154207307
458 46045905
459 52355710612292182059637279458837197729556
460 0
461 0
462 6772259620048032238512699549464986739799497926289278257776587709123587808537304040742161440605323495471986515004500306830472883647385728356101587089928358072533347850414532322148148226582645
463 19951021049976062083844006789603802687925704411939492
464 -108125323339122439734768450953562323826531958958922515488162407177682120157393646372
465 338265561013501665048157974260559841576151605887662719189594254590622902577878211813147000627694767964548281474481290899
466 0
467 -5351503761623068589518797895002947338
468 33726101955081947832227115940791165009501411454398412929937
469 0
470 -7892378373402171111781946969327773885645379013534797692903055908488169696452188200877907314147
471 82062740930777504738633679192914586393980386901652107293279538809265798816578390273550464581006296244276280209409635139173957410654784127040
472 62863188156303826547820455331748217795561416860226087
473 6900668782906942062975573724274571048558924721308742199311374930043918739911
474 8652939176615674034968575569189400
475 533500498280167113
476 -3669432344458126340634753901876371766413387975026313531370294298
477 5664943357907379042102652960326985237148019195364342746873022135485485791685193718521160304330863286
478 8106217234486601547560790420126179440
479 57479358950928
480 -98685996808592506935719476921678554488182621722447638407740786612248873971056920586564538789
481 0
482 72477165755457891625274640302186960005858758289038798585779
483 7402273283150509564481949306768786296613422637746770507608276797660522727954738419954897596001241846822169702757861981063581233760
484 -79927495
485 0
486 94386270969471460699041833095505504686783295348749221236729051839676601206821721936026159
487 0
488 150808758038441542028790029970015945833049752498718334970449074890419606463258882650533047
489 7465725883716197375471469348946689101209454585365899913997466044291909332
490 4
491 1146098565506267962012510902817532426457492265747564077921
492 181846302787495341733960500082019280993912103555656192353548944421999835120177989858966369205180
493 671867917420414084221607703559286230335842150760745643660357351
494 845331264293073701920102313334052822949248956570696068916670415359
495 40592076541070598755509611353406428470278
496 -390367237086911449706139823684521214431305779201899998993440841854534964252972232
497 0
498 0
499 333898215010270153614190984939538145762360088778722978108736
500 0
501 113981121437239716703
502 -633885157260297297981621140039763179052299399181822907139486382376812589438119079555875244688
503 15100455865622657845119706237215905359160808291837093434294310687102242610722455997626983811141049225
504 89375404033847561652645961507406987344918256705860869349765234634924984123373839986292189599837125182303690248233602
505 0
506 Divide By Zero.
507 -1029660153089482097652860992157977020141398823563980147004974806798230244093840320757488862505466579
508 0
509 46729023609030344287213313816572760762559985948509
510 378220344981907605102160145006479955989817714882331063749828478222845751669627409406258681292033923941439224993454446043510905806610009299062428379
511 87222808322711
512 12345418908414399103144411
513 33176210279355723000128728337264530369131602349339143939967145597
514 35431409677925107108737071323995305323435282518550043539622
515 63405159351509237802199350255553987926618524135767567850323440813886
516 85324316672687283478992997151552751061582950015211253058520980875525722011329301480800641410190604047426039431306037124023
517 0
518 130329790086424244757670236185149
519 55859853890758
520 3446715941770657135764357556449293869062654431933
521 -9248968777593052943152431504314954601342301276642168274768226870018110587622195069870349532
522 0
523 1365903749
524 65167227625663157383577559323913945445033656826528443133281262320228481
525 66665149745071893535842847136
526 39064979384466633522625253777709459576792639728194998263062540390674795
527 68
528 713433874052822005153130720561991651247526926743143422915309796356465169371111104344741458
529 1937907706563253376223234040421354329600055356230847
530 57788681387758106753836083456339245080488527573952496888446220435407271
531 1507052285930109551275799230394675139896539785053640612648910347565586574552695256538672889351394432578759791916121186295136425142578835405161073021650728953859623308371430
532 47230033547565980024781614821499980333
533 3695891681243452861544810808893
534 31690573725119316915444436375107109573216074143490822957561291882920535619563881121022166600127265062618522882530233723954172582577513845775954353704654555982144546649618
535 Divide By Zero.
536 9001641890458562064967705203401729646423360088913708396629449
537 6510764476173951504397258086477340783942414979732990112012915257175714408796094560053276678154242590
538 713446823949406333828127725952208
539 0
540 586684916898196944276799934036791138540514935304945751277842323876982115101289436032796560188909029191603738022492620255725
541 672148107412193859486698771852283683022469813828628765
542 2043
543 -3281614436793627876
544 Divide By Zero.
545 33170631142674138620107662134597365927526538071536
546 -8253193199287044131821245182082325200591650944149888305200102776786146690114114632631018238232731
547 9054356000799704907528302054782268863485897994186
548 3865801740049425086079193268714479319266709629704850359838908292435083487645628186569690285112059471856896417988122588437588972262233176547012510
549 1223717303400895040013728784950346792109709144919
550 8997546659609411991593262081407843199793637999326426811702007920847316037178451043148721242493909
551 7030470321108637052244267361067139894081936189097142889208
552 56914122815864525541
553 0
554 95177518754109629752446362259959016882396584480
555 273859506834190611434982
556 4963554295034792287131491476801966082248299815005822130390
557 -981646339400815140465814136952578129101211109
558 9958499028959558240534
559 23358602058752534279934289387352660915663762500923132297
560 0
561 5266771779578848514862103122517461654217653380543493992663219880845690
562 58689069551993532991377387554131204959092809349665988136008063691245749314307935674534025696871674618453419228128
563 11183026170547925811492283426950532348
564 1626276913500784193035144267874094873965233253711716360424421344990714
565 51082204927102750087799737253407532711091948076989692401019770511511073865566088863652161912211510942939548341004170130426952109939637386
566 1258709507
567 0
568 566019945339893223005799900641794565944223732824381761362340262317574633228467836877036777632955731
569 0
570 -99078018051595949226330952945478578987305485299503004
571 457618194058525055487374501185367781010890973926
572 283491538599061361356216292553045711135389966104862478568687275216833408562671
573 0
574 1369720708418859373029448339931869936130461286100252501962313674416099536733
575 0
576 94849275216728655
577 0
578 3366184350669140641105318770666247391006471286900626602887316987782048251797142295868259296450723687939856
579 0
580 -8739475400465793521445863020004459640711287681344084780113094498853778396204735961373692
581 799201239428648111447058847890126137278552294080746645742645808502351553276790939817930692779506608632052514
582 10347232832024370609512248
583 782471776424579631663706819778253274205568952292495340
584 Divide By Zero.
585 538737125033888186271
586 2344039147907851913729772888474932767156800280907695728487621833036
587 8660342111030158511415718138884809393736903816039513466281307712423948892515
588 431099706659897688664857283359031506721437925142479966585157591633365052396147261404487560843070701205265627837887053236928201340093284786148955965
589 72946392111147522816102071850331729917006732734243063729742539280593068589896771398237914719676345911676031345012134783401515417003896565423905047415667940139972766
590 7019551760015060724370468282725622410313076995703439980412766946109901498901
591 -19447598139611113513953394968548596224511595216835481149519323421145407
592 129827532323167610920907645811994241333153692774553869
593 32432439135477364711910926449340817618
594 65301246185740280993076528168315292223597
595 3630927146917332022283872649484818489260125796421471168710577826878
596 2429990025281006793
597 0
598 -205462862624658079258502134591408332745242629025
599 -27783432240893570838058122555117776084603913046091895934703249168556861806198077180
600 412146471676197459746632920745050236065179747836545
601 8219049708062126817699370046742413589007438187977930641696256481943623649704127299237565325032
602 0
603 0
604 91615753207473180156312351941150491254336583124
605 580426504246816181882956519277525799
606 9196669468004083592273592811525799
607 912
608 347752874881428731995189057734130839273518327094317194661622061281200224630022488355792350792615901488
609 373551795885103485643999439367132659207631620377720653562208892268900843
610 81993186055101588613707919234942937829099389588656526679538401043533348367058096390821011114214553971155652641838332511603447746198981611186644508278774588
611 22078414662706
612 -808186698587612793686331
613 8079642095705193
614 80444729294064589813927901956509886266192438486916819550776173674497649203406024952204
615 68398442473689925514220402906009908099557697295404668035486387
616 0
617 0
618 23273684176571396300741962635477597102813797524032778811
619 Divide By Zero.
620 168119923723964218390175294711120989614
621 Divide By Zero.
622 61408381864177286748677907651271949071508367238710530859877497703486860389
623 0
624 96037694890785636289791021906136842174717936635635450339252294787470192350830068924364060
625 12130061425569998466944
626 -64769342696224054594
627 63831334240217780808397587614263595246872607849199290368405435582952773384074153170437745915989386160888595
628 7193683964737929729812994163801843718964837607695569009913208652692791
629 4259085287692505685213847334985099163213511934702870880667030494621218251244611526842394230345
630 0
631 307612827622405864260313890622674107729473287264564247093485053365562668454
632 -99382003167714763445213686835360373019549868726538180121232331058512846230213021926281203154943792
633 0
634 95149541181330736336207872
635 -26984402246657812664552120956
636 83133723765354539307330954801386623907360655175587718395546747306713468314752146260049000582753253706948192855945746684297557713995185591807804800
637 41028433401751574686585995890323141018724196166292679264752
638 90649745496849678936591943870648935054
639 -10905748632524269554699589754400019334508123785533994008046743834073
640 112047
641 2452841839122534617642033074514497694045524862967123807730909644956063242084044828019390444564475439
642 59845918698041
643 249577842686805833509
644 0
645 82622059062018714228649434811746360466676890181815805817197599330637832662546625181707431878560602318038203156287196804754540537171464233010
646 818692324092738395236163903371441871270030071426836323298913084285751394542900759255860290105
647 191127657363551808721463834111
648 3932199896235016109498712529394043987270738560666433147804199245797073351478006049337825208
649 -45430412430008819742201811603386556798471406733347735537829928886021016762
650 3443192301402909631099244227340
651 0
652 910980907915
653 552026454078294048066124998361524337682757029832052947977916665792845
654 0
655 6529118546361884183700460429504222739173876449591570653644871724
656 0
657 11562073553696027700160668185059434608325020893595
658 99846752659846124070335837821173927378313349282751199775200037295599095108169323
659 3898686274
660 0
661 5278501205202906439787099602387825293720468753293630938453201220
662 259904951374465171616921417126391471179326599378
663 112165262888413308808617602917196717185083539207497161224040499762
664 -4710407008245969625996728370544077109105436670717606544458845961147433710060991491850143195
665 43533977670658051966446584232862282844136522654233802211028651
666 0
667 297145565970158185731907385594786086898
668 -0
669 -6519497285959946570218824201696047138451916878260280165443371141758363186870
670 -2468780764942836570302479729855719260548876517408700246296279617512197959365
671 23045868466471442111257066025796154212165170215025836046799353939287471001690799789227662603138
672 9840
673 254536085012
674 1998035
675 0
676 34488261758029111208411350900873520939730989293968152678140764174351
677 747947278970742076563925592855921738549
678 2742388666298121678338565177992882281110108126766936643395926354602495
679 -8374232369270605130666876364255456004520171/90307178370598745501840788468955684733
680 0
681 749791041832321089337090517976029709131843293740464899
682 304258419399124680668711636287885871015809025021613211500509160806785859976144357060544705579141915
683 0
684 0
685 0
686 7454327271910159642999917644087820013882778563529821
687 5157591767416527525146116249925933336
688 139004646044928296299687887559791149000066070297025
689 -118344220286676659482786220245219542454882359766534641173867347942427383194
690 0
691 8613685506763188278929150059920744394042845704198607185958106650849402568939150444829867196263895014874679058527981
692 28
693 245278206603081761051624702179569934740393756028677096056182849008477038540594593
694 6329644761008355111331881386183943446518927002727001468755136277355948540431563687760457506695614858099780280639207261717448890661261742742592703572516
695 584
696 0
697 0
698 439017150596901496706045385794724404
699 4133915412816709360
700 -2430340363484398135242676905412531664527234230343014621319591480084725658899
701 0
702 5658909880706380188696112402203941731115196185716434057711787129047756808
703 20354077326163664823594085784239657
704 17447235865841079420616260108263747141341896054933275618497151637188556849936901702636846242376
705 85156306177325784395059257389476433065673471531200619091116974120571484793589205870770673922877
706 36278351738467511027989869351264432094
707 5945981631366302278807662480448
708 343529024693295150041536904942889284447016
709 0
710 5967912063579794674944546774111820301286629940527947455227285754738166699270857788454793449252852
711 0
712 0
713 0
714 0
715 4062250814465939042442228602822679172003997838622761213686642981185698378640058156381401499247
716 33731302475355808897128
717 1111163426328953162185806011077717055694871114533161479422280751443689770453
718 5820635092515846182710364482109335
719 152728687528108974897
720 90
721 76865368776268875320
722 3059334821
723 50069320673472387478402109156916776284058624496881344
724 -11051266828184912729729342455
725 71598995921163248450899613505141019
726 64524571942932168783907699342078845237089272623740402850494253512334501243972863085
727 697871805723742133233540871033380623592435205520841780028071859990670388374802270267772320082758640704571946924479125092908
728 -1718570654745115888468740708890121914782104328313
729 2294
730 -4069109495698331526783145532406070732847505034336759838492148061109082118533965878535560346746751455
731 9229744205822352411758676316296478449181867740645854966854595308723825
732 35908108721552355940874642571433937100285890792341852185476054434889994979779037462489410395
733 -30102929349985948490798190929204389031389940497649292882092
734 0
735 7803426349238181336296073024069423909658923307756021654222644883938908321079281419716676622652
736 41317891954005887331970433383426
737 3138768168454408333937400068343099584592768747186153628138840239414651825125011615
738 -3257573620410782969453826448041291285772094533714400448071771850046378235713172394087800175695526
739 162767007794015370765644212
740 0
741 9701021501878433581321466958365766316
742 5866044573203644512874845526890492332149910645920074330260859487593814380291455014234256627544512260
743 34872955045724548050853049987413950985662612112214348966940332471145
744 981342361263395
745 1083390881774756655686037575
746 1248935
747 9470111916599879118441004578619379624277984828154156989212
748 29683850821259452075006956223979
749 983821672286171682027238037610412947638813002093154292608328084058232177
750 Divide By Zero.
751 0
752 -291999700553734606666815068074407368386542906803026429015061449227840814527237027
753 70786439836580875197297388131015303316103333320063085
754 1951552850256484113122226641042990800293403769803563077256175051211689964712629931221063791494202961719085434619
755 5279103021749672259119806616579946621379092748806242909029646812320255292653939278348382678051300538140256017143042427174954275573393961361194339759909273619104104
756 605451542804032801535538185233136483957415163901871
757 0
758 0
759 1682785628286304843926821829387493451848729149721659992001
760 7121666096019785871965352554305333388310734922299190650317367607774089747243187105580018967
761 370105052471764031797364981135537379892663417769323518001355974825508307
762 7624879665079
763 -9119500812200356857812853069049918154731843110632019793059843729663
764 Divide By Zero.
765 -9038324747855317985985576289209982/666854959092919715109746560644244097362038818161000188987030191
766 6914561646731812888584887165921489325552070499637984466222794002643820303063
767 -8328364330963986146172929373464334944998613487818451339678839215521014864604465273312082516
768 41848904596496216023021728659736803499151010621784078500824416406654020828378690395664014870128498976681019849675670
769 2021463883571930145281962302361427
770 15331438499903734797970565084939591671371506863588841724133234
771 Divide By Zero.
772 -1717173151828869244798538778217320833440722538290293020961840287361175497265440509
773 -72604922418364925791347827521609757344903416964039541813569916130526
774 36237827466640952983209686960964563349279296843128003561481919683
775 0
776 -9500938894847885791795042371513300225110434563886824
777 955088755132168476192981377655776029396
778 74899582776968789432286186705300931801451302308534638773629742731116750779471709
779 3800180539456572904170090871521541546069167330147282010065999969593687273807210131953128554187733
780 2660613412286359033177533407252379589263071071150297450576037933971555451956767976572994529201122884
781 13056322247284857502435167574980867308844445718505888487076102293564918401144378206249980139443285356064449445918066016956230415384691181092939047743993476
782 292061486840069532083591347541698984179034082
783 2729279729877892555211603371572696884
784 Divide By Zero.
785 -79660476365889795659443537267581381094815489480981837104012686139142730814231409
786 8934952152849322170754305514211501402880990
787 -988252983633687735513726070788248855797238912329454143525155169355144537942409866613121003
788 971248269474037492909242214023242780637658171495189081750234594277907885634336687662055078198827730053451540666403353279086713765859440
789 0
790 260795635796681183736820767546922150283974322902780764451857963
791 91997162109116160805382979029450728464389799339686964166615559
792 35622865211904472143786573707335762465459744130751667955995887176927433871260354402
793 0
794 558791983161559823546256597849267879207287058894850859983763286970436436664372023092402419454963077827807247586
795 -5293366540045744068506
796 -91790597822674949986274472746316257044357743041347035313652192425341819232
797 -93088172554842610333069049938442607322753761928794551384553354814906373
798 182115217740522071196382221536
799 61780139377105169935466099946724477414895951581855924262485053714238738420238438742194882463967937131418157054275051120230831531969440641217536256448
800 0
801 94399559067745743898695262827011889462016043900870306
802 0
803 37525156370758841651934909177213515140357945200223427263664819852782112476808034846508857387471232784581129477389221868135487920927795451033287809159025880803364779513793408290800
804 10768852521994373683303727
805 Divide By Zero.
806 60174924644682895564381431669480193892
807 -209874852877177750208245978320284793244776578802654257953886200861131312756725596
808 2550867497056591356410727263181403338852964761603385580509
809 444387427158936418584574571100233686602204803066976984
810 0
811 0
812 18
813 271526330661929287687697591538724159508463512529109792922188193104684192
814 0
815 4295169149751618605626111886834226033934535806004215605289635
816 61
817 -5169257293447953432132705330449220771100265370468541102127423095282836013443248102744988175174
818 1339272452124329380080798910570102855006174717802266294353690752329886821248
819 925640271309478208636432199435218905786744912083152914970959212896000
820 44
821 454888939176666525308657911901394107136814474119180279413440
822 616321189477
823 0
824 97581368907425243781122443180930484564345908991599046442007293064779284874406505839
825 1715572553134041258435501637293111849627874305939590109007006043584654910411296998603055
826 327602990178354536125917053753827138
827 586655296646557673164605329556774930400995349714844444378852079714866504190931711
828 0
829 40938182927206872578188645764812348486401119328038273082018355992367345580195356858342756720035050180701756933495344734782810039194530379794759036046602414810271183760
830 37175294766759100002451344038949409995712988845373410824797073035879767565282098
831 2331223913891993617411161341088656404359276275240765298948868104182002018956254983495120508594990238753273505870009665758560887982933548587193315012448571622628678247855156
832 1475624115622121860450779992834011682725612192323419
833 4833094438006407231485350742935564053469333213737269640114696846588157734042618123616247981398785940
834 0
835 0
836 9467323460244441350780371317052361802121978203
837 291047516324875081779170161913200403192304786836621010183255642636759550904908579827
838 696419591958824946170746601280332592638994736
839 57680748542176281318155230096790339947345591522983264026292410120578371064742287628781154224
840 1056330215601469689738720794801877049761179964566420650944965
841 107086361799240277173391551133982491114679
842 624353862865580162409825678
843 1499884424475166790190743900813224034302901314779914353723665407949710857701
844 94934364856196915086976491148683349
845 -663866540856268036959621803668946640977753486579253596271107203132287032221051944401603602769
846 66097098595773525
847 913042251040034320463529413905490223697
848 165772
849 55574485926040373143365208332357200211491593962089060802436979005653970813402496471735
850 887095604265538314489692505266366393213736965490323327161844333627653753402188193652970398202
851 -6028629204331027272114058089332621280319016986509817154265
852 -80409656487053921598373463859260269876295
853 0
854 9345002485471387728393859277691522838958541289090188146538882022893882559579363634516965459
855 84499932669011611074829064380235204943469578777063639358476205034363132449
856 138743601820738301520899178526980082559214391496705
857 15287381926649656480453489425260600521328
858 5702560287684203571308688976875065686357955221942020223943445233218808651908
859 6079748075637146224328964708880168775855188476482041298309457126498073177490412657076
860 0
861 0
862 -292988238248874226074394851327551393407817519849365839589707702712028
863 48766026332383894993593321272192889119952819550470459025938956983569480616790507941903
864 -541320963041108142523022219123748688143138912
865 -8136873599914487070978620677425504501507495740790383116564397351511804755174883007205706
866 0
867 6142334722030041401715053008648499401732654885545248963
868 639974111964503565334541347791694503925934774069879732395490183783878946537
869 65224943187
870 0
871 -880855171259285109204187242206320029360283663392497439482560666555396504770721
872 0
873 -454758988742393376664124846933412413734070102855895699500309230301458948729156059
874 -78656938576242944754048130053513857445390988244937384855426243605041989267128836393366
875 45255293842/54
876 0
877 9435780422552583781878890257266655871869758970860455338895400617392247991
878 -9889640826391400017921383710717168878967659988901282977704228531776482640548
879 0
880 115765934581401321928976658489447479235268507100022613446984536144
881 0
882 6705372583448112220441680552754737248794364
883 -80934844334078058549286195547871778141759897492856310702146507006044445370233215965
884 5812779868631848915936839667019372351128071825533719529847929516935301694730093444769
885 9733399308153900566537515260730021633676026133369334
886 17564953
887 5477533565123509619735257703339065102313577
888 121970287195712392728520005959458708534859529489117884119023188800483876617057939417197982222
889 0
890 2948289449514216383292140874679462852062278853174163999083423513778241844764026731592543
891 1340997238919347454974320744741409673763247937750990985705823488
892 34769724362911848697665203178319850413799206419760773502766208858124695411693083824176793663140888
893 7899147668420770035188054627404513
894 175459335466248444
895 3863
896 -753021886775658623168555886596260324960214977475053904774537377864
897 27853361198103571205158301156534104332021340981696566812
898 -9374128092015963302199138170
899 -62663347991002085006338576069568229571814557447738249975101519227786604623/7117642913183713213540958
900 630231
901 4930131481238698307064176300
902 24790728657
903 -74499385280250870847065963585679667533523531266991767316322
904 1141745213036705500882606669750753780022474855944302285077044696592
905 40577147988263467127373974932908948485540583666563210661876091580658480517077996
906 Divide By Zero.
907 765395220365413936417760768
908 0
909 -9005656941915352464300543560179125698287591767335979476460455056816244247399055885375485225755639658
910 0
911 603825118668274488933795536831679320204919477701089212251962037424147099
912 530890033713075976821380473272984680334450395055120616852124189211471
913 -168393139251555187222099881924943803201406
914 377758358307520538730670307551571583445602052002813477
915 194078476768361639686308471073525996098459242652318949805968564060260285465771600718
916 775867146054425302787853983541446571738955289474741544973210386816135956351285984163697058155324790
917 102195997311838835403179276004066392351641085594794008198004302
918 74399960105627260178132360101052804546212328587825341102749043
919 9567707318336856185778177887314207861228314319
920 262899786
921 28131420210315738083337
922 160
923 31896043001821068636320433232746998654096725358075678390687680937711209185123884906375785974314831
924 Divide By Zero.
925 620963319743572948014006089136
926 6941901476292864368837731864562235596660573982388863572485852868980144883356857994608320315534084205821606489527824961103
927 720355262134299522796835467436855470607914524669576277412744
928 122287576517173009285
929 8325769237128716815733308461361243615821786898441794417630883582403851941201
930 -7893299666344022387930971801836604122988458541676342644707967530497
931 8725562434
932 6996265847139085
933 9334416102561642894218241411801480072401235781178894547158222111603364566029
934 0
935 8680984636248815322862971117171016757387387802773459305096564524380354606244100822913233685803429914801838154772793680961081594520114797490489316
936 6319053053707915088988213504866913369609986707890580519278
937 270019456080457595156825276287589809202729394655309186288395804
938 866406702618387844778195537115419720171060873549309039769631506479542827428239574753308709777984608306597380315997558349761556674244
939 749
940 405351811479979687470686695517713039731219552203100801855
941 221768586599419926635877034118883996856
942 958115577598175976
943 -51669276310152757811668701445137758503301850289505589
944 10326104599
945 72915462014311032784509201599552966981
946 -39137411974155611483804275825788459762234290151220
947 68148689674301818375528238934443353883760169374046484974306203938
948 -40540440088333246857375692861786774181105739593310936972358447769332668801671627
949 5853347311893605673800110108152540583281188418826872
950 -228317969127744671
951 1822482261020793795223123095207239147849940
952 675218044921803533965062628106519
953 7018934130487481508185582636805270
954 309970121788751343973143388790916823207946545890502100920991027394503951853714904436771320826804170
955 0
956 620954303818647848438252540056433534604721105175936109845871685051077564736736623510788477256803898545222163960565454268539464848302963077462192566202931250
957 889842
958 6753155452843062347133347851176808096369
959 0
960 0
961 24691366113350749984256911070
962 Divide By Zero.
963 Divide By Zero.
964 0
965 22131572228846062869666121066175911209159905029909939033035991429722046309026381160339585523712670213999924990345858096222569221550194832093782506241708
966 869660563338496700216037192
967 448674987
968 7745581630296644801755
969 801133526735585828284942652260033131991446958
970 54245678295407231277215068060896068512463333441766804396925
971 0
972 10258690392556528624807410359
973 62839953996297507102156572838967099326748524005351010420170083321857
974 -20988110894031225313748859646151131093739642922746576850652348
975 269925827270870442433630283446671332655665426863016396481947270590282080661734
976 0
977 73478869449048116038250868136608704636559178072420074184281248901600951452535582061498185499291577477791976420
978 568276603214082806184144692489153838320353226854620080055
979 65910027692530367047076950480656619860081217348635937333637826081770799391979700
980 Divide By Zero.
981 -33457679986710826095214889330043744086294635758097084245780677616349934455970804979544590707
982 982699176739193758029942048120687003149701689641073229692902565554449138086891119984538115611
983 -8437742015740637143608720989625280562474
984 8619661117105299212980833568854124135075867405957175661818486817279144444157018024087610022273791606
985 -5901344288314538896181728477821724344520519006941950501849260044747525865166351518522141456698
986 404196514762092500209672024819612236980311253426533812514599707150677602257881
987 1936081057850430
988 0
989 -622881862599791878944589739149784058273433040992504583814441945993091112697690358132227
990 Divide By Zero.
991 0
992 458742296357060528994109
993 0
994 7948125432799719625620795616857415143939434984740
995 714840142317344577971923392866167580
996 4147727771871231126955371820449572646944949066400469579614
997 0
998 627134541368391495879265340942136888612171561303326997499340900703426752932452036216530
999 Divide By Zero.
1000 769403707579859359494272448581454457001755273988894181
