123123123123123123123123123123123
2
1231233
1234567654321
2353425345654
645656757567867879780989089089
89098098090745556345
345435345345456457568679789890890909000789879789789887978
789879789856534523421342344354565677697084542414235345346456
45645667658767978982342345456765876985643534534534543654676576876897897
4567456456343453453453453453465759823749236482735974358973465346587468234823489623846384545698878594237589465845645634
345324872376483459345092355609569759834587457694569670956097567
4543534547534985548967547984592358723465834578437658956969878906509756
5465648957348759834598475766098589849238473497556890034759828746237847857854645
64563458943759868959889554645
654690568509698045848978435435
-46684565465656
45487709885467890879878357785
546657564598684564563485843958435834858498657986598089238942385893894782357548347235674623664645645
534
534534534534534254
543534543543
345435
343
33
3
2
1
0
1131243242423423
0 0

