1 442273474305350810070121562185090661715138780877289275215702326651586663826140996931558
2 346294787401556969060967432880778698636993051305215616201
3 1497705433027158148853819383919237456930607512
4 40069125757442144431104723840240001687167849088269225931936973489768289
5 666323682883757291754996432319151808252865236770891810058192622955997741427909303303841765
6 3060683857879342238344421816133079158056864
7 0
8 1206293556830677188939653768895675704844
9 0
10 6310054877086346917374612576094892387977536430616363150802385310870916315259356388321754923
11 592336605085643942806261574236076152413641458190376114217841745
12 572406502981574525256399114685096147559724016558275076088004213543244517980181650733737979170185
13 983086720446694212614286186701025563891162388386942
14 997887976105765711106546
15 77537424744620113973119877
16 0
17 1134291267750816122268343038985201694882044996898647899854732318142625062354695722526413212884
18 43498184792686989328616158528936718406081316635975549746903703138772
19 0
20 583646209486021519797198292923161505375472805898393237552986375578540049057590966840950087300023
21 679498060242204331056373279813050081048794210705715860252379899246
22 2928610287455712554510189819627354524726717702331659877207196609
23 0
24 1446148774641193947661075098794480033299777069521484859754737190054872314685629531008133602303307659731060
25 1720159613083715959732842716415177609920723406706371947515788385497658858567547887949814756874677
26 35084566943669043553062612460382472187555271406810166
27 360539419093276687510468266893476326252401775766777092515149852856665353704678585457703776
28 5592539578975129935673423652346611809125893259172885522742619276356859891471682411296479218638838725
29 92168622746848733811412919320121178605644647585189068265508120203911557701271171723523
30 Divide By Zero.
31 21330212620107031572641359247976431876335888981420079579019764969353770901
32 0
33 -287098879816746054265954484782728176779915488712392406291864663355552
34 Divide By Zero.
35 0
36 -0
37 705466724802388719479305416128363698549909844712265363
38 2691401718513141316043970309948030473702770714237021564304022707868403575298503725416208717559183953044389172958217320081104
39 3287438725625907323380773668350382416296242705196
40 0
41 9509036112834755310799445001518944314800351386103417349781604761120969666867375297523754482
42 11898652511836455550589160859815559560884908894236192272047261474410120653464469962403997413360742
43 0
44 0
45 113323626319867991788169572265864018743209576253000998774896984028927097977198690009148065804707112967864193451789122232898009128690424884
46 1360805120589659315084800483503634192366323116830909979414694920833523850319322582871949661625643076365232631706453924721479460
47 39514967838158020
48 5032925444339646223103416198980821354873028920792888932113496539
49 0
50 0
51 571887191203625284291886084448078881701957212478817442767261275772999342151517982185567726016205384858184466987757698546854407156914230473168179993522804621918047386637507896736533060
52 72605274297128809532980422338078741972226535941241616248834407678325669332379676543
53 6637733561402475086313804830167467149827207131945552242725086897818157
54 8140196300104635585674020356101218427636073133818163476767328327299758032894190618142978851549911529
55 723696545233272119842048555631392
56 8431486468399291050670651331517584150236383160058155882549167292024178671831
57 5048718445112267636063028755835113525481920284
58 Divide By Zero.
59 1468643489075840266457803304880655307305147194036132624
60 -923412257911627423072707778382218367149765022140297794270152450187148
61 3765719334126087368366118729430750146938529971691593687607997380739666101302836051336877803509556972724468060410989088227276750
62 4133760656436282580163414247324335145821475202411035375032750529635019176760721695352960363948634766470711663526035599727443029013615124539238102733458761208
63 0
64 937184233597617227601188843791864105134229520274298838873350409593393984763943634
65 11190430786921564456443331490018337557698590963319380223307388529651934163694427343605224654824896982627610045033488198217673722202125748471039604648345334317986075013985347934
66 56068335584374371118064085155878453037910962465911700849221944646996
67 80358793311816164665
68 114492723412099565400457448496568878075996865766530269
69 0
70 -164974583782980864269235579044933650919334199656697734669077831939851920
71 1146233262836496
72 -845185516043868388925099697138949608581034616577896916564058294022992666840180331
73 2343189565653394596311256097876584760204718019416929029916285119193150883821847
74 0
75 442194762737113065742082577747140656453242661745962035186555561219364745240853
76 639496237437802823815121010526307759648134112172003255187026649424476793981471233672
77 0
78 1543951614995092670005339928254712350980054757849
79 311705857509390398911810666790479820585455337
80 7805049067845799699251
81 69641740576519269705502281312903428296911967195856924320166621264779299087425151539714
82 0
83 -110351023220440844049884245461445026678847589123465314643
84 1852670562692611565518185
85 8577794159004195329285823690777248858988973352
86 557246138502686068528196109534384780363148982572056767805383345349686504811855896
87 8420031883895112849581284569526984087515
88 0
89 0
90 75597014498073471482071307120323801250608268882920620707213324795397168151583440727811912891869821
91 0
92 0
93 -6198821330443878513416168909681807797272238655961884804979097395902711854600297848544
94 0
95 13796738
96 2105715997527092934298463960779943138817997
97 0
98 150599153500522378183250254586969414637978560253117942044900463805707021521733810831974
99 6626663693663181894549266516353311351090938105816708412720061
100 0
101 655890544136887980411
102 93456909834369849783751601708062282878097378391772653378855214037952944490724722881193485594707794
103 487946005096233855918058124646148344763953941556775241727566370546839215909073438812026307094488
104 11743571235030942644381280973121226820795787112711063743841782710678742916938676460
105 86972257160016245277419766153555542573906758405219420383447084760738946744800651790678497434857
106 6425676904764045586288195644498123008411293837117007106539578784169643850889240362707907828060904
107 51047481297733913451709947153598919603264591421217986708088411531
108 604042478796904424702341739524929668647595748603829109014502
109 924226307926682799101490894101386641123731159681535802807978192173465917988103366080838392834955
110 1122373881901018
111 51892870779671946390853750870988723247804188704705920372231271546829815743265028962
112 706569974300370951512385990608546
113 105221385953632
114 0
115 174379681176988549805
116 0
117 1043
118 -77702180136215395
119 -181761146157096272133
120 88247185095790622135309662231857652344
121 Divide By Zero.
122 340527118972173314548166788558590180350961778191752736005674466792
123 588314305197678767487457999428185055874883673457256181488041821248083074998452990
124 36774271747979989784758243943397
125 206364124763084268465347829794596204711424214923225675404875004079049702922595454
126 8796847184465246112970372786175110932981127623364575731529172
127 0
128 0
129 -601228815276194433253907471396399809904309889023795979073987218386238226930329888144114415718767
130 361607733136423030888857622528339699248927527228573066042528600544129813373255240492940595
131 88012234044495545503867251225255174236989874968492359466354011418000
132 4410027496676786303443616147722458127817606047968418240790768032028681940767854807031486793261533
133 33002254376073389987234844328106312184901495058318986377829206095
134 2
135 0
136 -90927489653980811217138254028368955567957120335512324690685450500612033052107076842735869123054061
137 0
138 -3772291586815772881007041798177100440648084911925789343193933910609877659531000773084672168140701706
139 676853532991483858925262440385754531055
140 9752
141 0
142 358451797042644638671511146753321688889180909948848442689916656445056310878165879061196
143 2299199483554321637195324405188212743090438216154370800179681604204356537790283961926
144 75386994097626708458726838736038899742942238617602162529302850131342911607462204427402
145 -676838680158784948331298316991903814012619670685871
146 883061593773701788557156
147 0
148 150930782091575953994682596
149 96412294675885801764674933204977660652
150 73152431458365626469205440331711803171309735337229110648760098860302718837129
151 27277217755
152 382939845750750082305241718561190259049507491283735232985545429755431977758596
153 0
154 0
155 31817032934696998664558453717773000908419542676009333688923815143132724633274231126895227656668
156 77617386829814
157 0
158 237534831281440
159 2054770677987461783875816125
160 558270066330646972130007084024899866687303684570652622859123092131414002506242695562922766937722812
161 109083152226732370335393026
162 351001089218615055336435638833
163 18521855542668096225806471867991891907163111443436327281938661591409165439006364311517422
164 2388125485266881290612120479679587499749
165 7826154057610952397344984446848275787125771419532733282541080465480721769942601063929439779812758716
166 391268813051079004210525991083360445724646122083751625638930296049
167 0
168 11024232485451065742527121152555026184
169 0
170 0
171 42720638894476361582426828113296808496190711237742497461142775648266971330757503303265090066
172 0
173 544345042701205202070686311467316748600390422925557271621821191770837011912152454874164534560099545027009146668853816218792
174 0
175 1640103255753119497863589
176 0
177 Divide By Zero.
178 79938388384485886329587852585420744406787909501373905665276659459504
179 471686732250513566632963608979235745401244230
180 9271904889895733727134665958808572925931484452863596861636278911572771140232287181
181 0
182 3072159558824644626550988015817946354664500185982207128785599474422901166245216784793134898028894
183 -392492915598105496270254041767247763698621441356784364034832952718554983287332627916557323
184 -8125330184965684177754891335229877584783713892448306926672563513059874198934
185 2640136069526261459771512977965838873650369084997227768771787101089507465068316575
186 94845293461943349612137005874639486390327487081132049566322940266972031892677550932717532155897396946785134193151239728076038938756035702945
187 18536781331666412588000470641504
188 0
189 95890973914277166104982964939982
190 -6709945349728738483467880829075894958429968538460305585406526486406432
191 -2586836452382269484515206294954418027430285261808484163052600
192 485152766879651327886103293970169525935615946480073147112770279902070993517763610779411255016725371160
193 10052548
194 -3646279865218238587955506914624034239200649658257360311659202658111072081861210740792507901
195 95283437269204909241130417220415548791137890521459787137375814444
196 0
197 27819286019114976698616748545389348466282859566324910473498529918806105327255379551438548727747682481848969255903229563269587754959711802139544
198 4600613687057820466520526852735456864991331302325408262876295200082438081549940971253983475075718961356769175
199 -0
200 0
201 8242408114332544678572294331509374611086283658777493544348075143842303088214531729389621581
202 0
203 22845602410994720895715730923138780113184307732970804867112975767153516644760
204 Divide By Zero.
205 408634039042723071063853520104023799541258310644048539671094830561304530
206 34177301930180111526
207 0
208 473333020495604289556324656301850269490923901033419209907574586023028399935712
209 0
210 262559118392046941286864347620927660499798771848126742668201756884910
211 41838226918280615502945105360811790819145677613327504604293096077433384456477718516870645585
212 1585927389192695144235541518207867248273862854023056643738008585548761657550555535338128440013962029
213 0
214 842634133650897747961070370645007053554999085551903805284710193120240614125161439
215 1958756263584046757415589707402020398756791049184535186002170744487
216 114809077399531377701
217 0
218 0
219 6890928539675057335727487194779787254184846237982159981344145421441881299878320
220 244465887271475706863061943962175595472105728596296752834980388691694
221 11747503795767507
222 47610659527231486243796699193227660877205945713091234480486148006906580054845196662159097244399204629807430535
223 72490161345944377468958919118346418250289660764926054139415894915710535073077269594
224 0
225 28182715207730797233019170555178956324308131
226 807774329128231436749225150531091340282343662354473379973934449411180496731334161
227 2243091012600525134404200457184302168815142149006172400163985712145066077085616239293
228 71278566126708597418281476484997587735319516095346311986980879740219859599228620302393463402112574655633496753490145850265132322783072802975
229 9930193690032460659902894749061613785900937608229158479307510622904763054
230 0
231 -1091972246898325023425068490711502504134454157542534944867025
232 -4515682899107618126674197182327962563
233 0
234 -9140505522256431016949541938370156246256029844839740534736209772674380046080243641697952986951645
235 -473864585833500450538550771755362627347265591140076273606711
236 1675793
237 484303037852843791924328829602708852191823714130564166822740719889655110918
238 32333388323478062598453474484698978065616273654415273492345274149668639895088179594818197248649
239 56855798730104507802064662874902712053905241661164298047212273685751614857810854
240 341930597
241 0
242 197192896162617369572535641867016417534598777224793609167908444488305054290596200589143704951070036
243 17690071869226826387597495253197355302938829613863384605240781205690469326627404970965242357523109958737827589400811221171580208135946785824
244 460517
245 284600791100124079712
246 Divide By Zero.
247 172465094605335556520996731654828755748774979918036211137326059
248 3421432917000013784118905899326928690576487497081435833172796967496325927241312412549303912
249 843733768534530808181237124684080427344202516736722484837891653945649047155354534885930520721454934833194266924559375074602185590877980956418692466234392441160520022854921946500
250 0
251 -2753810075377758397115257946756199448307728442995659678632321334485604608169507986682010979268153
252 476657096282707191244300907541044392302051940037511801
253 0
254 21551055313097237819535513396186374967724166358258833443165150854000931630565772683060681342956573928032282694
255 -626076714477082611341819862637864030563045743389277740873086736729361768065887324610458
256 23216471142549768069433784755837291921727120579424863124798182817
257 0
258 0
259 0
260 -12409945091224646251893840072905254555268716209279482672290883929894387477207990516106378967867198
261 225402436138376312721772480532429524791965016130741139944623226010863099020042741094
262 -2002842975416625241963074279779998012761026569449908774089529052463367
263 -97307618766281829051926006174984362822317404015700564159944027743964325680821136892628423272858
264 Divide By Zero.
265 0
266 204949995397606981089473209469206973117468004792749185300865417696130107230075984233160
267 523582397253139680081061679696352097548341602446721102329947171688965515775978572
268 58417440410922405800629332419395059335105429314353943993600575466765350647560640574806333048
269 0
270 114548640051344658329043769941591202970885323108976941622908178886373612844542823742614
271 687065224767946385022250469746701841650721648032052981835660201409
272 208620620683574833218800089267945971084868560359095579202587774992087048486320430983417143427598655373856
273 0
274 48509374181487126026863581049365355554189389527145335243296931825629579753201752552558517783333639578986788301
275 54954823412719298314643815971690253675360214147901561640579915480563491
276 298375377243645201233104721246266559449519145996006261645877398380705782014860523051444224778764372
277 1552433091665088473933618531419
278 0
279 4636446404381710096898200878557723140642821
280 0
281 5946209216652443879560550582924320270662
282 -7132759020024726633365294439873065156411946867
283 -145574944591499593400014399827570275760917035506
284 83210197129788147653871344921598
285 42546355252127165420117765877405667099868606582140872559691764090857690901362024687199812422588
286 6736426074382484349644983325934824684689155811026732862452446082084238335906587231321931375879111671562572816439243244089906
287 -123597720464123839401661798733649004333832152269436
288 17267
289 1008612107380209103629621173731222776125707284425599831759610291439
290 18709141093971883408084848336407458842268215413246634234695970980478962744700511981099769442377594117061526915763552507844452569277203192252944
291 17677835003266301701311981331706242245669
292 14736179585071363677154290516080288
293 98151953750957437317104909249065570706016173374773165052932
294 332689010868005025129648331589772049498545561787962528236784666961276801451069145433397688600
295 -31766355978645019378157673330728949624929432259235693175690268557025226165122485638360
296 221829643031567784724827204666560819294619165418307491133192136354286398383072333739828708674930410250162334756933755194
297 2340382225474559017505075035274848301927320485977310714351297662
298 1142671525033650007632209093782518977797453809912778676016294
299 273023481176897108738051482720330011480415372341
300 612372964038111
301 0
302 1932164417160984283799371628605988625104141970269608168228223906
303 0
304 97871836167936376977239889253466040619
305 -58279456095727659734941043481
306 27202274834029270610888772948020510886953166243594531161473607790323955618827882
307 755403001407691702514449101846196517483611625826464596967152795438413565583898537711080212885417
308 1950484174386728567267708757840687861336274788592937866739412400760958774205723303989302100062604576546919609686
309 -31112963797178898143253048827671251306381790139201399630601932182391171
310 980275675778353274433843682756684
311 -259379940790659514388764940612837428529065005495000073135538980712639521786943400368977980089427
312 6468105232556248591738868848199260231461768978635977417654194662082179340
313 -8397108337068590684191094448322674130460063705557972075832093790214767979973207521484673600
314 0
315 0
316 9841700048454070084829421893796009977669217687333492406050477773518
317 0
318 66564772302089856899520299725465966229614737580831595244647852731819606
319 22489259911121350061485391851051021000761176797650914347713177613830
320 2895526530209361154192078853993846386912202887192499082179190240293484
321 9676391750179407061834280201006284508449858748797344692801758215528918381611019136988653623091021710
322 934940929313890947852009192
323 24484936952533429675658902717393059338511639121070453
324 403020287923243016495618397016261138337780210237020160059122687330147861920810347595812956801428826095266970943823525763133962415905447655441893917817977180885085933239989876166316390
325 1036638788483662319100378758389915
326 0
327 0
328 27833546862545666493055712854701392
329 181470427829948876993992623648464517381233789939306528941055905250
330 622864553867933358171563953377528027058574130556007618282483240301593
331 8929699076436525982589951140126835437618459499811068033294960457041571631778100313238999864427648
332 -768584187296983531533680953
333 0
334 95737553793885606315257404041505017277816807611795754956803965634837
335 189346986220216106437214712571986753675275465805273384831382365167813
336 -56892654060766099986641
337 606673668391513756881844119002154375674849477169949201787249590842765727543309909689272405550185143
338 76228309343634028992059994923
339 1905152974340749463338597709490354682910434094889248935954987420020
340 381516333251464600160315514027507056831653899260660746794527146979888402395178798740821642438850580322911780527468384856557327342416049471038
341 16365151368
342 2627913781383448069469007796083003424847924519632200156137019961490463079867299010555905155114609361959849973637482627090576
343 0
344 -8328365729432235521866616229773142579095769773755154254916555862056479209022863841521984357715
345 74908162024698065674555526314912302331800675035830926090
346 45659987
347 54316287507049705353319138673701068659323253342178682625972411
348 Divide By Zero.
349 21752260812357648614161658759601271640481382904581022506364829386859126991880
350 -9202432640264550785788413353040807262186174133872572162522388986878
351 1898203287647241370322759336611408102142550931472344942591443272904072019930387765976661711353
352 877476131019163673200674845338271125132240782634340122248446843206948666753516832
353 0
354 -705219073130322002242361485792415718457410816234451802037345018277374574469786850202011060
355 -704204794726249609800523527417170176164861253801871534708444559900566579782923301749577
356 0
357 0
358 14688046611421825653087781839783365082528611630309730354927008949362848839162488
359 523812582325962788577269707386262861702307253465314046810031895597643259631138625
360 Divide By Zero.
361 2058252882848330808663103
362 10046511381923012377335670045855316151131923698874301579507442775201644098839806476020455169455641
363 Divide By Zero.
364 466091724872198194533482339562969598177823339630889520074881860624216089118201665845516178
365 8032555932483676567282078091518547776106297318284745973297451362853596545012277817970222994453408765393565691339078669629535719533518128026118090717523465049573358236
366 2470487052610630
367 37375124454275312837329526593323989162856692063937727621092125674453576449482740510173256684728364960
368 -15554
369 -83516894809624512828208578764125384644374937777627116613688422134935145253369802250511
370 290809382846054775015412438881548111431811510606247541504357936402651958043297215362852197053065745807477570320
371 -63438065785802864651584188277058840365662022961577869111085855413550633842940599463
372 290847039423186822349828788685361236
373 414863637529501011566582801807864560101758046797699935653565168159068408303767588359778617887381936431672397315852612784971817199656207243490554395
374 329129401376969776142089962922913326890408570808112372169122162606
375 0
376 3641934982183670774054157848141324050257896
377 -8336924123311734288827
378 828148878144184551606456512161568729824111492333430491626547025456329272293053263905291538
379 8381913074527169771428682409417753602229307395039648071693116737
380 111694321220445128857717409923933391622030304125699891167937424629681820925879108853294092181966
381 1825380865270394045
382 116367486809395078842633197653353252532160006404064942737700085380685660161917135289940980806555215474181872
383 -8623404633476893657486787065270566072579061561843350700191132642845562922267789563741527411753040
384 -70877071065815777643864919659303307299706108753208216014149964685077742879220234622851864
385 398962180130055511256202756705442297473782585649373631413
386 Divide By Zero.
387 0
388 0
389 -682196383300168189942572165426453236995216114424325722691773740343550432226567811305472
390 13385510275800697446581345518329423330429705834000954359822784158803327965639922512615363704620796051533237748219130118595536967127952929592869936604
391 36028798414399409402597206153656460783395402342451471905259552687521643047676928523840446481813478000
392 -73069433671056714024635932192840057045790613926757641813767570646774145819827697
393 3639298586724484578570623734650976625351545660791237043582774641400783118046641
394 0
395 453347528450428457739499753392127890509152369400607955342508411685366793802485059880820751209441016749236700954968012823567788189830128
396 47610557747549968243576497629690781265823574545388103936623441740595976947862738753099406
397 861296616956403489820493699731704389
398 Divide By Zero.
399 -191284720496962360738165855111029797088515358351942
400 919953767803110445477547426645298349324796893671071
401 147086914102805763335265845519660220445629650931141745503982231568795571
402 0
403 0
404 9156502966869808578950699292944923066149756265987634229374461510876905736632231766
405 0
406 8825794909232531637926245968954315372174355258126766632680311411900512641715604379469802842
407 509829100529852394040960297427991693852983121324483888137337276232365875230207139776778881546
408 3394066088793726473002366630756724782935462743184843941143
409 -72681337605455377181965904266504344880505678634889420807468188931907431160459142003320684106103
410 450559622776735095946075123847531485021718433371355
411 0
412 7774676436693091523138000995285
413 0
414 44977739095848111445019087753077421635935491556
415 -924662778352023692
416 288385387964668489013988163300925338328693588003232609494635987153577629680217816573000585999755152142901160
417 75667249753499219633965878655814461264105358430753722
418 208002297793453423657909657695695
419 2481084610816668834715133393396897195
420 9622697552718771556147064319947204822277854356636584247505708856136534772922390377651361386
421 16742678400874447025119669067
422 1118031648816345088946151064269681987898776959773537240
423 786206963482262200312469769513891790847309978081201270148336114959511661453151
424 185717222906631397824
425 -44438623654225300431557485131281557923162537129428992130156116807460048794097812808302729427794658
426 0
427 -692081787402473592351557258231433046704046610507923986506815576134815247644894770359360958695
428 1819687355453183705466546429852
429 343809346380333882992849082384954154406771839468270497
430 -62647024041901327022950840094696082017120326852546287436468940543258493230992738
431 -496206139826674052549027022388139
432 5859017121658279829990117117823749578307868075790
433 0
434 -40574330032724165712977262722700368281322074605345012072604877938059086016392697
435 Divide By Zero.
436 6970317651184228655623406808653063147095788265262254081966828
437 0
438 992594734488403634050625417521945032429744082454075439216
439 1358508518122928149344031833189366323959216230981135859206920962675395238574117299734770725474270272863499057987
440 2151336108838320245252020232517166414414513600369932575720150874325096877592900
441 -4628987573563810202090596778930650774323087223200312780506015915277508869897070778
442 -4101447620265464736056081529453075396058157829097610876414375520520259593699123958388291434738
443 -301692772878343065654552481351626857365137462875952645131438
444 150813410426450805794674406702962065249021441830035516390530600436346932917388
445 1180138637819369762037037045831763240715412893418049357440120643802401246720086544915525761721089334714104400
446 0
447 6561520690399874832242516621656486422656364094770354530699630916837935680803523811053690253703550
448 Divide By Zero.
449 74891144566210411926962979201793548715609505650637458680108534115078283136714923218008612879429048
450 0
451 7174114520849080866713992487740837306996626677222445823850755796236544563028401692207445724581468579695390281197226748144809712256
452 729887772816929699175266789753069399179528136660297679208743561778894063890832123296433166886906
453 -920540952885016613444278965874976940589740256357102382322887755502435483611439
454 0
455 1088823785108072344792131261672023378319889412543921
456 0
457 4345400864027112255671583051372061944275159935755699604234955934655657
458 0
459 5952714420967175303641270539585829925572002773539059561075074195932092669163027083416930438295191
460 951151616333592864807664596873839359053248475062058394316234808939092824249
461 12721278600833431735344687101317271
462 66518562441355379460298504907
463 42545388511313533861464502578036811241774956723414652211084
464 0
465 2852778053595112508505642
466 14847403594759208146924754699450Ú729036235158088439022816942801954963242225677397098813
467 146324237961937898022898687540503504034510385928924116999001337058802354362235402
468 1400971334930932735832356120751093517312956185761278628966176275395941338698728216524
469 -90380116542113428078714532225513215058282165265774
470 0
471 193153027414913978112
472 1141
473 0
474 403178760397787980415477337980871861743734
475 66581
476 0
477 72196340641170497096031977647068470697022991527230768848493
478 2995344556023260622743444444594473005127194514615247677402436846678577892242558741282593761828838793820592037349635
479 0
480 88905374655858670778016726425758927391164839725913809986313621550601678977010408958720162957144752971773694
481 77628041655974381147193202817941607486130063177711953960746884793705850318028714914074634516731
482 692606265601535640259086408959840253635781336354979104024524
483 1666275406457335192069759559921711134
484 67217602557419624874469708312086585599272
485 8831104751046
486 616598951594544660071281871261516885578355566390148968667241834390104489804616635299798912997495367902579383539597134212420951741299126852906750
487 185911685432758814473771268896240776359826746372141939552199398712847954855461402543160151988124559
488 5503548788030765943259820777502860702148768745253256843764096786404868698549151817653636127753
489 526608839881959707837211122051010912110097419136179137246153392281888744443917458851855592551927133
490 -0
491 244108836460137883347031176293492451688874186379030776557017927910450706280998723296391890873464278077143099180496282220772113521111988975853136705302960294046170212391570193939965
492 77021230108
493 5242314478937856679800
494 4993954969022242068918406274001393840918051
495 -929538747694788579880501916452697274
496 69197744143813085984831835936038400509392121344047127130842898603191034
497 36564325449109985236618760082
498 3500065286548122390276570010793257854386704504524994482
499 0
500 34416855489985536810576849264
501 3815
502 5749126065037466870213314526029986090069040376599247890
503 756973029208960010019031912509539617587562331530865185282238219010590
504 1454001116741517275450183419762169304616935
505 -388405423907296265661132401077882525502088336512391
506 660894789038662124178739569996740711479821619009868783826694123177245925384370385845724310738211
507 0
508 4237837412612304709990997307780
509 46242336262093672438124561685690
510 791
511 1660437594429841074322
512 554035936337404164170754241633157038672017796356530639830372046355800602991985374862747140584057835356060626463025575794
513 2402548253484320623856844583267801526
514 7058821891034623235132722160032001634999762906593997087954290644414900780241411
515 0
516 36336321499087687796370423587217537755679155786758012341385635002076729
517 0
518 1280045499568827425820745928495849817209199535900337540404920955709727587873087246197477529612354142
519 262951
520 1142516092696144455209259184765542065828942
521 8806279336187614408928222227002028792039721356403354869959522291733285062393778663545270595015129918201745220164643215011003135030227349006298214950112218026009951027419
522 0
523 1155452523376797940950479415699708
524 0
525 0
526 0
527 63382785334276758021949992688811273483458626061419072895651747272948873524593625579792127000948606
528 -34057112992624042801649498967957688837665527480859173499491941002274682197271117026942220
529 346412839487002067816490879805921466379325419197600660169005541358164969284342072015332330
530 38242668498488523479359527263137558304156961736937797746141795078581176815017475
531 -779574404882036730235698549530978838194185977581634097280367612293008042781112376
532 724737398244366300125618825574364483813193
533 4870195161978558944950121001155118360284290157326108077315390583212028934076465659566597894
534 19381589963830672147405589241752073451974172696240
535 -7125190019929667869909486026392419510661909797398771286708828560606387982280337576179854539606505
536 0
537 201054354330427460452856570110481007899378934459755932835861843273330675542440770250286800141069
538 42965148598615382053666899065828446778286298941261111230938873877902457292201032053977
539 -3195433259376101518736663006
540 7077791397820659940652237552974764164630922499401528804319
541 546869799678446954678787367274370487088869639271931903144384951307
542 0
543 53278971072705886200895244792246880399153645756729841474873925310236841230831094391883465239939
544 856363451248556188572533458793047427380824709076119954424362840604307712724966028206888
545 110210177
546 1429550265437007947386071000054849312812
547 0
548 0
549 -541307715127319941249138945340603499003532837463813898651943087127954329468603718627369010414762
550 0
551 2326041686486319945848577875236593324251925354136232242880198860731553394960512753410137984266723956268236690182380787340113479505444171658413050175593843234053183696
552 0
553 870600010096671236477544314
554 0
555 0
556 0
557 70377966285544831805939246821690611734651386
558 429748614838871956651712182034620286154849358741756676527884941474552730184652298171918
559 77286
560 6978987457478377384521884304907260418619507407419548802530143685459896718571020196182249783222288925104379656426932401299898814382
561 -4393788833958364793662700159257921876069351343978007293593931959480779517687558259305090513
562 38761820948633395501792725684535253891070974510303495215802113382912313145
563 -32045952131647480453881818032488
564 -7555036954276034351989666677070
565 0
566 332708511467019428124471595475252501122181110605599168210340871891639293083192056
567 3620624741199567007639269982079345336622728653673057303219151309623
568 32103215706982532478438240783958
569 -68443647334154480286384732541718432134301267325595393636085541228675575535
570 920508946935329711629005936999460101384313860034147062677065795033686084864592600089281
571 946322845958382947496848160397601260
572 2360147802177570723758052911393371311703782210293510091730103271347508107857444490
573 32132615309243343632263795974819
574 11851513980711748427869040602480534965004809566761141525732497376052143952162185856873
575 0
576 93589271460217008946212735960230937901677778720059033629685812365477534289307230398966124
577 7239364440471205993039419961111099187055831076884125766811385903611
578 0
579 231782067940217985168734822282111043560913826019907459020364662542296997
580 79876991982845916767842184908
581 883213206277673541951229784917774410271160491661594125210066707970300475807
582 99312800463762521932853172680701049800223328658030514100
583 3709135796498083705460206853957392844094974158429436346696219096335144649227984580433182726
584 50485208388055415971189705770153079819085961293501599901345398397653110396895886798461629260
585 0
586 750668021
587 361140413826280730062921158523357152700342208443643296411582410542953441258160972560009027670900368679802994716
588 0
589 287850828909551303527440654778232422885
590 60275706787155
591 -271481402816609799327983633067401702428408088900044980881833922824141054996807290672185202874002638
592 42068323132279817323415703420527069141075387428727870900286905339481538440748829832720
593 83885457274045825
594 4783
595 246890690119858349956281273772918393229586270454528394684261989452585695213456229212
596 412276098970906171364417884099944360503825432149560104072922241408320565143172
597 0
598 22942362529312768694277733429116430719584074016237901202052972
599 0
600 5
601 -63834288122747572349489959278660728402604064
602 96672823735291208023593768900570177845004746409593261409156332009175971048604054
603 85843039831948961237820277272463940320593855944220640
604 771672734664023028411839688243222355862546534043860104115845456818463722724617773537985763612956243458112618553762373425865395135626682266061221506184090048
605 8830919246724701423578604815681047437045698411241878
606 -9581511738327924328959257651003275623871146839551842607982871810144852365715679
607 62052006824351897023750638119464
608 93076485847779710197344621348259688588032
609 0
610 -9798695677120442328482451072173352962395636323361653283622796150952963027673734
611 0
612 544635131294103011710483602103017448952891794321568139486956845888862293
613 61767347976921240303788624479657
614 505060982767943592634969808789287742925795972708632589179797180243622707
615 18811617474182568518953321130448276353
616 0
617 14416451655506495951782276520412217894756191361814703688084440820237724701452160645607544579537748491893437
618 0
619 41555274163361634122936735560361309661854055957888108703851845504870006336608115637536830905768139862729358069
620 0
621 2130107737247191234706
622 0
623 1173962
624 43996736776110645327825763798637235770217430280418788292174462749943383843231794874081585
625 27865789864673496164121498914466408896925006082992390002505097451470596868463999280367204606451622065044966848950758498186060800
626 4879794304548536231227519822221523171161359382752
627 55878686
628 625949814063031807774989939026449731590985284444281645021957139984318202451164
629 46032264228195382955743073079539717957234875170832778817412
630 0
631 0
632 -9997948388550469813895838966048325296371291583620428016912733310691704480244595352986
633 983667873327460855832922189893
634 56735142504394340
635 360222680977455434759146737486275586852749106754347847241738665599839346995430206191052962534987562
636 -6728408376853648747350337502917118180062804656539233707755951970660820611953243709005324
637 38583414633522863920150227896
638 406151799534753830440099205726144430508027144231835164026559231027766047887
639 27727425752239000875844581772774801367777344603676216443390077913460044313150524280747
640 113322852046016006615740491818223799310920094204727060791917145107134392082476984249714283740540162108
641 83689918277183215648721859291561981187140
642 Divide By Zero.
643 172474559510854899581
644 0
645 -80627478051132201508192848036990920750723961156311985772418034374902155182341140184138386000
646 Divide By Zero.
647 799740562075466
648 0
649 72871498344928471087372134418713596495866
650 60857931347005356393585924293842568665947520242442130765965722850731186
651 9866819022654558947345991123965627542745527711396006939762533397500522
652 -3741163998157954744282659510169040248413104096461719090071902186063925306246687001
653 50280103755933087899653441438834289884440340717385292804889797089148457727577932096010199256862775635675657974938928595367659981970731626687778
654 765984642305372319388182951324806735910025672460897789955522005082465
655 46540311538082893681953945280242806319520682538810180530051120102545
656 7250483907350591309170480953775
657 551331894944858074258896314366206088843996602640968290885417517398121827285
658 12378550239887353505047320612
659 0
660 1036790500434539665080108604757450566390079
661 18635369012911162738877477942687925710579033914061748635533098135341089056
662 427021280279353222366457295531999586560754723000082266783186663103545010715905407263
663 8275165809
664 9235892075109312471870416981617483951501
665 0
666 32144427981475921066532674053580655666123849157425285910030978194
667 4692519143592797679568355977864044235528060083587032091781317004578369674113870959717293
668 22799873639607908063811840431912167106463919719703699298004450911263903675784840462984321031163923280431013409255364608311412640874932293054980000
669 295251755
670 51341276036892216708265927085050053048002222
671 -596223797691513413956059436178526807349401366941269725055804
672 4451124937747810176061334264556944577
673 0
674 697666468436848089621095921788682999931083398876486253383958655150720284431205695578159511
675 14155177838429711945960245279125307597039707988224342337906831976186930500379435877150446758932574548868583212449704159248349824946862467082267332780401206
676 27927878499441581483323350187205724140108622501679585724309997231082686980623060934381669141034212995561495683218137401016714769005657530429849793266
677 58721152473331462202922873585239636782982568401357521803954572991799259025369392389757234437022168937651720
678 466974943758742993911528609388418247760119106595915294016
679 0
680 67780498259226385691407769147009668700415426862739634041535353584582804
681 -4362868403260771080550489822757
682 0
683 4239874797447843465
684 1301755869586375340455530337669399124302955937331858059
685 2464673506843925045186371111659368631846388351966730
686 -66091559109962790313714530436189457158378540143754549004129993638263262155127603124793864
687 -81002078331781235014900024711780717822353201751200768758054688063338895066856533442013
688 0
689 30961
690 0
691 298725925538070208798929465498137579449306219790488002315667770835961966526341014395748852926046069624741550143457873605705820170925885144762069319219546671333696
692 0
693 8829611685737826949128478281976654955113408100183852277310436876611766529433764663672439070126987875634151277835386306175422295380895112
694 1553755420119161092717280880273641731723474730389146748303400620636772812471917248294544
695 Divide By Zero.
696 5935309990328101304595641847791163802611630891284867033271951821004955717892182
697 95212218793899459449352365784033691798614684710463561585370844419785360763457
698 496258027155388876014805108930201111666254836351152291465606370807482
699 40417819873437584
700 -249199363928674787927820044617630420503824650416676379737399152440661042295602568964927
701 802836177804986584086612937014772429525417223388007961582553626442944307
702 0
703 Divide By Zero.
704 1236030312283983590380197503157043754511575198582224949218693838514455920310
705 0
706 466398083068710809828985876532820257853874048539691920348369890459911704647766266488339184553524584451085873907910
707 1863699982691848017449503623338984099606578537949
708 9892696709017034652109194220959959706624466190326425971690639869408263736
709 6677801074571583018372853231258407929808538337011419479496889383928414515758603
710 -2210984066168575155366715118982404610374735181148630
711 0
712 0
713 220787277815584385825619525944347326257755029363773583537011317052497127904747956111172512
714 113914013810137067777576255595905341330333
715 -304371804547009677571223061283886122054744241914279549975437367
716 0
717 19696
718 528680583775006310796561425079013598102475758921113220
719 0
720 12914753002031743978253346781749787513645934269210649863554622723943289766828742652248493437359912755237352788
721 62746241125409133500174904555156480044431195980393270192
722 38726986791787155317159683302889291901799692429540660982303761550790848961838245221223663334789208
723 7868918754220506565649817870073506039040897450044796986197
724 2771887214848745
725 0
726 46464608587152109830980516222732318451495875225032509334816573128852191457875
727 66230870466336140488943075794960403296954815691808088671034193609306457548689792997960717192783120700524
728 7962698770
729 Divide By Zero.
730 0
731 0
732 860814378027985745108715508247853531894922041986695166695882
733 731776112576714045694338795303998164363263636911107723
734 94627411968133
735 0
736 175114042870106849344387426482558093131215104866818286527449789909758360708197736597191984088120322
737 365260441411449715775938356555577098704416794059864331441174103296280616074455083735694411296287
738 4812190847735157194016495665072483501378682753400580416991923131819072122537332507
739 140760581908163411347050348964633065527603621253109600597408567615722045235287129112484427811987310
740 6902783465222999662647807016108254910431
741 -4417680937
742 -522118040233261848107149885104952791506287425211746134923876526284
743 -596983385997963540187976399717466385
744 701467224349356087414199923231904010494924668517380790973787138748688867598237329669898513
745 573300567434001980475348653870250678758968109499465264702576345627212738047294361
746 458128095118177334339155990813982501985118662631847831811160
747 212909744366915797252363053469411224765929793548804303894324185702006167904076381854020
748 838565291766088961390585807546150495426355170648518035981933561862812868506949304199509541495196613058065617132089237919100403532455604768373943789904855465316045309460259645
749 0
750 2927731319295001054711405309964048355554336207952793491058175434642208135782
751 24401714665091291448919757609014595355074774406588814230693951192594777140
752 271391018660877526058889814913497572903768319953417919711723686206588600869766460084352989586438810
753 0
754 2037154226673495942216812189248232821866
755 -0
756 6702265945363669297131696305740072088612264511991677684503397304364420341482546292319
757 4211559487405654540237993875156718290084242914948809739333365042885990652262934
758 25081252505389123891571655690013490389330275415913149968688953158596250201188222701396237
759 76952945281025932718752865133612473284384465711672695365238733717851409864778529434766529909337104255828610328439546305864260303728
760 6136745661641756168068260481922812614747045453054938780552266423484090080255793309838748764515209163
761 11391091543345053049073293366390717593633873105778914702393771639115940577825
762 188015288345741462365488670703209811543318139122200134907393799687795652705306952075925797426021567093408070425200
763 -527103382744284339329785285508863140301716462
764 315033985401761
765 1167411188309571730211774753158108620237606552034573016025097847137540318601941268346483874333910076
766 0
767 -43190485337074910518803412202632434053778442737973054363273689276626833232396146
768 0
769 965033472596167918861415004780385079676320544
770 44287077153359571380154
771 0
772 0
773 610531281329696195444000676355
774 92453562454302995556274124836573878507821838674836926774107570751312981226704023544015
775 678449831634830388241938721668206993159536708385667508697592475278662700702550403600207602606971511
776 122439396227077734280289823167833863986418652716195459633660717624003974767521872501061981959
777 -260825932282596
778 5351146208318007924022544622623742713757144
779 546902351712303833310754901444906955762008012446189935485109458467412981158188028008764763538
780 63974908657662905635322429173956108380750541
781 481764389747429407761645310263784327343
782 144467327770172297663488962464633734927812635051388677839848709
783 0
784 396429908669125075832657160133767657549355313504357597627867855721276916699570039790663354877564076533620313552301294373614990956
785 16471737521399366257589
786 87131801945381424770553126781650501950194985329097222230917584205713998423
787 -2632234425551464431968958383591822123609285630374755517373847301
788 -33983704240486063520797291478838858187564380275844483352956
789 16736155
790 3165316033433961262998067953682276649649613869424535317382264607953786260779153727996303056480
791 51988646066548352059876261308772422263844242071403881954832838414290804027204931087362157066677522599629749683
792 0
793 87470083129655182425736585527750045805304170060903847277715939351479403358123618928914891005
794 5943391650107822314008110096091636077518979695633062
795 Divide By Zero.
796 30863802117269947281467283992532693544791649295115024544773575967444720039745609772696078294129116680299533982732957856
797 119217153200
798 30524095509773666697
799 968771645039738598121734727732539196355477101476902491
800 58258054316194057989335835303237226799112170
801 5721649
802 0
803 201
804 1665893047904759322908735880390392120947648
805 0
806 -255931772675971202817406803967840049476597944153439537843122484560896
807 3211107722703524246629949526219781034830431057747216153273862715475078765311078554171961170503950250
808 -557346130088183635498815372409776961503271785442354121471645962202475508452967473765869175169
809 38472718160542778582094105
810 32322633393192758194004281403278405410608308200723963091303356277328311342549312038
811 0
812 0
813 0
814 6567288365577572869768290348808965930990794598069201521639076599991994883239580207430070111343725353135
815 -3852188269335135239230194388934587229341569996722074164247818375556380289032064404743127141
816 38287169073345876564927871230735290900493933375177896935
817 602040747372094094762167139707232428952210015208643895672912653416858292501934186979935613816
818 0
819 2010597187930339330728808212653166520
820 1104859013151648192
821 987585205735
822 -823280229305765038402323423043
823 5091919310920
824 -58604
825 -355919292961642072578949517236387248218138742447604419229652840622027267232345827349342011263852525
826 2822342055295
827 1846122918654382305194828483601418296759272055251941969935406751455228725661113581421054057654926910284
828 0
829 35869716083103288
830 0
831 0
832 206373329741352313247847480697603385021168264436785830242480934932511824638134079300314284132431056699861484860274086612178357814194274972
833 25344877584640884254816709957356207231330258833838473524
834 94396920838144949194050136998359925382444
835 0
836 0
837 0
838 -52536244150567269108766441813423478691813435811971505131
839 20
840 0
841 632221585901582003674168014829236912021709109619476937455331597652877988013364542
842 Divide By Zero.
843 1821414141242036214298733705367943696922148439767519785065617121414316248199281413747159456183700310
844 156609798687669910979210220373616011437841809239280155776
845 9806934446418349128852032389158321361562898146590537053837711857956937593865863327554296012
846 0
847 Divide By Zero.
848 864804403304075642747684662795665471
849 5438572263894964045969342821419920753073647735469060166580721767454763649093348585404088
850 96944501997583894770395584837873905472091565000779046
851 154484886396789559176414004862631439904445721385354990174904589142459491608100681270283
852 56055246651943313639472478103791738605318377162759273665848966825191
853 -51204010374689038285244328087036393988463390064967993498290981778132201766541
854 2771298582733540133798469140348983134233845314508384099094338531036198489441472
855 2425212407079913724434492446699050174206350986125942308018406696101874578046087495256
856 5864553557891258838961919561677837238620804808556110819185079955943000208
857 22276526844977083129544725360923855459132561268841560432622079598222142698410111814825991810971970355692563902798353
858 26306760219399894796627492001590872914765754878116349082772454423044297400535623032589760320658149073850667991870
859 0
860 376486424519812380423637504957
861 -40725960281467045666508317472995187293302886828970545
862 162045336981436697359777527974653989857217652630522283330328253786821844726695636759857645816887033814025583221549220105724103646025924200648991410539951285408640964328531452105300319
863 278801833651763
864 413790366314605369211350901307925245622169529645895622187376676151985310472605
865 635813330548259335354011955414652448034709629912678233411920234794418128
866 0
867 5237656336790318409702896667436390274860797123348128223875280494957935789432526910042454
868 2079190388926457173508597351046869990449323236723579743969861421558802242565
869 0
870 45805072772534251429526823814608305881174
871 -633824628949857246213812854865483918543462345418929605452657394910412271430049
872 78777
873 550473529681001657211047662246001634716894504997700744855498179284308461950948814082096233034379120520748882894657474039061243378816986905466207212
874 78574862782856027251064535698668930537807288991200
875 0
876 11100059395942362728565445342229953075270604599004928251741648104224613722611439026075282714311
877 0
878 79764
879 35158390438573032225164399201475131142438020692850829922915357515953652791550006222402561813361868564172630652726302846438348772
880 0
881 0
882 89421684774705578684582482038286747157962801462514578597983383814847411750317
883 -627126718728029195353999438695190153539574019492110853309961299294763370463835735620475477
884 -3711544174186616020166409055328721343070561486756962505781923333255091977716425092001605
885 722956100141435618499426524450419262473584584468867490429740995900620962069836913657807432632680
886 257053603517924549090656639176982695264612321637852110
887 Divide By Zero.
888 34724604552823774249715704045116713707617117301952
889 64594937564178644575135087929440318587325880114803130938
890 68175675631408910810339426436036932471540413597074503594502875627506619906113390908631
891 37490281385231439595646600793259434386623247727982816755262994855853714886195405082305327272525173694637647320243364646
892 60837089104174839474146852181450163890050545281759950989259580870811033719953508860626404919268979
893 14282342400883690040821317890395394062528093
894 9769457808571089266726641825675873479726
895 -7301725029645200289314476772239316143564106142407240041875922
896 1835254450756356190507903884461198913006547129386910926971600164850342324707752264381106312299031
897 50903786508603437943510701585449935704761607328169561109932735178741402081624638858750849757795522228842484296408
898 653549054579701081641003022722102570629
899 0
900 -5220670423623761426169285956738712732507519009847128277027399242
901 -3307752546826847489937038396398172790474648273729004482130801698096909903
902 1824409
903 2892175308045723135564885438828904921928205334665037
904 936333895956995295856974845132572326664109542727635839006684801574669772455145449108
905 0
906 0
907 0
908 0
909 30549322137108898029404028864882209964
910 14028239627672588844982
911 318024681433967795857329268278945132642078
912 836801777032620050218574441757832286144874764163461288455778449730664720084306
913 -483576379153930349165435728288864927702602687539303
914 30185283987547669192719773816574757321479805095866897349530
915 1321676247428402686586541287213223657385777974845910774
916 95886955200842059177113639556461436776418944
917 0
918 5338629889129635834345297909296998076854451731989010291721874
919 241
920 -9080908309537856914190034266492696697870755
921 48851930802372478830075402956588241194054462405117957597494432471115045329296128082
922 64249314931034617845729808719895714809676621299808084469470320026719743979929433902976496
923 260856917729006589889374991650484378396285
924 112543855567042635647991750260576638364412275928679196050276884146834972727007358036546872372089387633
925 23845172333589603271707525426274112
926 841674725047233973302212312071814778049841487191488647044625009787240672654370693592864236993
927 418069989784233630106838832927501125843376572948719744063445188051783179668420348370992485040420634151810922616
928 668693458889145589154
929 273327837
930 15230845542845374953073052292367932527012049603315885069729258792195391372802422711155556437609462606229050357512601059103219607038
931 961808895959086591726778151932737254000325233092707
932 895570458393733072836765691872797183493806233610410129052136321399398301
933 4560510129897465435627705405220643343182245495776151517810
934 281968862161381899623357707330825738700790757146061413348807615079202308964171216466005643681
935 2760225343839358475874215
936 6165447922479260020121788206843242193099723366197799418195571028896845920520391101696586084351564
937 4662324414053212555
938 43431870528544646395540160291716129303057114482
939 535424885761374179005376952420830090267010639273282587039490729670106833548821932416016902730198766320278193216
940 -9612257794073871568969304619950891209920718591534024245559216937227093786390814675432604
941 6047782760699883185713729878757913383476801072398492223489286
942 5625303219765536847310730920438765454472034255375178675957243275203931790319220541
943 82178706296489460757707791392257334237084836072985762984078831794683492160
944 10527978678266399896594756690434028146782375140441736047418286241059417136298446
945 87617125026110357835075277815235554388609433802306257963773676153356161693489539507462390623456174
946 319326196016667185073824956136
947 922268955614266378149621875635578105399304809546824102053219407037411675210112876292901
948 36220169922775700350709073472352351332542641063014530256648918137618135457300033829804950496416955614382752574945271436022886940023036810054279674335009307545572
949 424863238794240289933397934239805143728286435695724906800
950 0
951 541244948267625983959
952 -63648993069746041494422546640863553824810213395832597327288566299555855628468755162744870333
953 91764304182524487936436360496065935937
954 89030839355030229649
955 255073969170138422422609160096899175465170000784161488531994955065085415199784466927520749503250
956 343276726013217935673467951970726588257946045666702092395306476
957 3974743622180121608475779891473283929321545254274540882051707128326357117290379196545202489241925814737293332622746315978274661440616730535880
958 1111472423579425534148388957113214534192831555191794633030678602037
959 6141580619433417483624064482596930418406615057415559403386585206
960 17795470327151602409337277264890860283360510032546472
961 596450553567276004914152192924702909710307176624300780480724349949343566072250963842688
962 0
963 0
964 1139356086490717653053304897346278217012185064568474246388865905549
965 5896583884217667715289450576488745673883686667586309449704152007657397035721317914921677954371547
966 5825457800730269646406838951593499002453160822295984700324885139931
967 Divide By Zero.
968 0
969 2470259206169352586138862764217462676716429950706826360865490381317988760829837475481964910959719038560
970 8535994354085
971 0
972 0
973 0
974 607944872751176321875157979133946766670673098400390019858900496471954890679658062681949871344680914930
975 518445255680278783643398477935672540
976 0
977 2644475093309082349109169332764246481877170292
978 20657092988889251454686701592974461510037803561414504462114786831562306446439236733914015
979 -54421605602264593810711804396863842208580771369352455070559813074151348797643501540973661
980 -9870683894958289645223406021236348475984331173514290717421202819624909262964714068
981 0
982 190082768774358761975826035942022301091102282748170615141721320081774337994489380916638192
983 847608658582508756879184974586903076468100
984 133543001199137917322500541267835858860751273526412402824870559223474280597047366600324242488832499586829201722880
985 7737984088442508577296853466810141785783393692010372042496189333933101713831314899203272211066488599911465647116586653384153950253924078094374
986 0
987 87522328252332277655421149744815371763788071484938771279120130593312
988 7233035000936378321377240508023316194160781928822
989 6020366331303689236729413717545076493896498
990 726938603723751439123098213283449395415507148932286814274404616689174
991 Divide By Zero.
992 5365242749400628332221077538243088751646312971
993 -472196069079605515732950259523249880286260542667249758628860267661814420887619415
994 20264731548
995 -50435369904051553075854077
996 4415191095712471123435236727113457004942995794269317633037087170091944523365833539
997 -32674662680319058372343029225601035510571708374116922123608820
998 95744420288658211237116205744977566493782313858054055486633315296449690007562447177118576
999 0
1000 186599514532369156619451426260395799213958349934650431788507727784444758957939524416417868148
